3429
78
FCC
Au -18.0 -18.0 -16.0 1
Au -18.0 -18.0 -12.0 2
Au -18.0 -18.0 -8.0 3
Au -18.0 -18.0 -4.0 4
Au -18.0 -18.0 0.0 5
Au -18.0 -18.0 4.0 6
Au -18.0 -18.0 8.0 7
Au -18.0 -18.0 12.0 8
Au -18.0 -18.0 16.0 9
Au -18.0 -16.0 -18.0 10
Au -18.0 -16.0 -14.0 11
Au -18.0 -14.0 -16.0 12
Au -18.0 -16.0 -10.0 13
Au -18.0 -14.0 -12.0 14
Au -18.0 -16.0 -6.0 15
Au -18.0 -14.0 -8.0 16
Au -18.0 -16.0 -2.0 17
Au -18.0 -14.0 -4.0 18
Au -18.0 -16.0 2.0 19
Au -18.0 -14.0 0.0 20
Au -18.0 -16.0 6.0 21
Au -18.0 -14.0 4.0 22
Au -18.0 -16.0 10.0 23
Au -18.0 -14.0 8.0 24
Au -18.0 -16.0 14.0 25
Au -18.0 -14.0 12.0 26
Au -18.0 -16.0 18.0 27
Au -18.0 -14.0 16.0 28
Au -18.0 -12.0 -18.0 29
Au -18.0 -12.0 -14.0 30
Au -18.0 -10.0 -16.0 31
Au -18.0 -12.0 -10.0 32
Au -18.0 -10.0 -12.0 33
Au -18.0 -12.0 -6.0 34
Au -18.0 -10.0 -8.0 35
Au -18.0 -12.0 -2.0 36
Au -18.0 -10.0 -4.0 37
Au -18.0 -12.0 2.0 38
Au -18.0 -10.0 0.0 39
Au -18.0 -12.0 6.0 40
Au -18.0 -10.0 4.0 41
Au -18.0 -12.0 10.0 42
Au -18.0 -10.0 8.0 43
Au -18.0 -12.0 14.0 44
Au -18.0 -10.0 12.0 45
Au -18.0 -12.0 18.0 46
Au -18.0 -10.0 16.0 47
Au -18.0 -8.0 -18.0 48
Au -18.0 -8.0 -14.0 49
Au -18.0 -6.0 -16.0 50
Au -18.0 -8.0 -10.0 51
Au -18.0 -6.0 -12.0 52
Au -18.0 -8.0 -6.0 53
Au -18.0 -6.0 -8.0 54
Au -18.0 -8.0 -2.0 55
Au -18.0 -6.0 -4.0 56
Au -18.0 -8.0 2.0 57
Au -18.0 -6.0 0.0 58
Au -18.0 -8.0 6.0 59
Au -18.0 -6.0 4.0 60
Au -18.0 -8.0 10.0 61
Au -18.0 -6.0 8.0 62
Au -18.0 -8.0 14.0 63
Au -18.0 -6.0 12.0 64
Au -18.0 -8.0 18.0 65
Au -18.0 -6.0 16.0 66
Au -18.0 -4.0 -18.0 67
Au -18.0 -4.0 -14.0 68
Au -18.0 -2.0 -16.0 69
Au -18.0 -4.0 -10.0 70
Au -18.0 -2.0 -12.0 71
Au -18.0 -4.0 -6.0 72
Au -18.0 -2.0 -8.0 73
Au -18.0 -4.0 -2.0 74
Au -18.0 -2.0 -4.0 75
Au -18.0 -4.0 2.0 76
Au -18.0 -2.0 0.0 77
Au -18.0 -4.0 6.0 78
Au -18.0 -2.0 4.0 79
Au -18.0 -4.0 10.0 80
Au -18.0 -2.0 8.0 81
Au -18.0 -4.0 14.0 82
Au -18.0 -2.0 12.0 83
Au -18.0 -4.0 18.0 84
Au -18.0 -2.0 16.0 85
Au -18.0 0.0 -18.0 86
Au -18.0 0.0 -14.0 87
Au -18.0 2.0 -16.0 88
Au -18.0 0.0 -10.0 89
Au -18.0 2.0 -12.0 90
Au -18.0 0.0 -6.0 91
Au -18.0 2.0 -8.0 92
Au -18.0 0.0 -2.0 93
Au -18.0 2.0 -4.0 94
Au -18.0 0.0 2.0 95
Au -18.0 2.0 0.0 96
Au -18.0 0.0 6.0 97
Au -18.0 2.0 4.0 98
Au -18.0 0.0 10.0 99
Au -18.0 2.0 8.0 100
Au -18.0 0.0 14.0 101
Au -18.0 2.0 12.0 102
Au -18.0 0.0 18.0 103
Au -18.0 2.0 16.0 104
Au -18.0 4.0 -18.0 105
Au -18.0 4.0 -14.0 106
Au -18.0 6.0 -16.0 107
Au -18.0 4.0 -10.0 108
Au -18.0 6.0 -12.0 109
Au -18.0 4.0 -6.0 110
Au -18.0 6.0 -8.0 111
Au -18.0 4.0 -2.0 112
Au -18.0 6.0 -4.0 113
Au -18.0 4.0 2.0 114
Au -18.0 6.0 0.0 115
Au -18.0 4.0 6.0 116
Au -18.0 6.0 4.0 117
Au -18.0 4.0 10.0 118
Au -18.0 6.0 8.0 119
Au -18.0 4.0 14.0 120
Au -18.0 6.0 12.0 121
Au -18.0 4.0 18.0 122
Au -18.0 6.0 16.0 123
Au -18.0 8.0 -18.0 124
Au -18.0 8.0 -14.0 125
Au -18.0 10.0 -16.0 126
Au -18.0 8.0 -10.0 127
Au -18.0 10.0 -12.0 128
Au -18.0 8.0 -6.0 129
Au -18.0 10.0 -8.0 130
Au -18.0 8.0 -2.0 131
Au -18.0 10.0 -4.0 132
Au -18.0 8.0 2.0 133
Au -18.0 10.0 0.0 134
Au -18.0 8.0 6.0 135
Au -18.0 10.0 4.0 136
Au -18.0 8.0 10.0 137
Au -18.0 10.0 8.0 138
Au -18.0 8.0 14.0 139
Au -18.0 10.0 12.0 140
Au -18.0 8.0 18.0 141
Au -18.0 10.0 16.0 142
Au -18.0 12.0 -18.0 143
Au -18.0 12.0 -14.0 144
Au -18.0 14.0 -16.0 145
Au -18.0 12.0 -10.0 146
Au -18.0 14.0 -12.0 147
Au -18.0 12.0 -6.0 148
Au -18.0 14.0 -8.0 149
Au -18.0 12.0 -2.0 150
Au -18.0 14.0 -4.0 151
Au -18.0 12.0 2.0 152
Au -18.0 14.0 0.0 153
Au -18.0 12.0 6.0 154
Au -18.0 14.0 4.0 155
Au -18.0 12.0 10.0 156
Au -18.0 14.0 8.0 157
Au -18.0 12.0 14.0 158
Au -18.0 14.0 12.0 159
Au -18.0 12.0 18.0 160
Au -18.0 14.0 16.0 161
Au -18.0 16.0 -18.0 162
Au -18.0 16.0 -14.0 163
Au -18.0 18.0 -16.0 164
Au -18.0 16.0 -10.0 165
Au -18.0 18.0 -12.0 166
Au -18.0 16.0 -6.0 167
Au -18.0 18.0 -8.0 168
Au -18.0 16.0 -2.0 169
Au -18.0 18.0 -4.0 170
Au -18.0 16.0 2.0 171
Au -18.0 18.0 0.0 172
Au -18.0 16.0 6.0 173
Au -18.0 18.0 4.0 174
Au -18.0 16.0 10.0 175
Au -18.0 18.0 8.0 176
Au -18.0 16.0 14.0 177
Au -18.0 18.0 12.0 178
Au -18.0 16.0 18.0 179
Au -18.0 18.0 16.0 180
Au -16.0 -18.0 -18.0 181
Au -16.0 -18.0 -14.0 182
Au -14.0 -18.0 -16.0 183
Au -16.0 -18.0 -10.0 184
Au -14.0 -18.0 -12.0 185
Au -16.0 -18.0 -6.0 186
Au -14.0 -18.0 -8.0 187
Au -16.0 -18.0 -2.0 188
Au -14.0 -18.0 -4.0 189
Au -16.0 -18.0 2.0 190
Au -14.0 -18.0 0.0 191
Au -16.0 -18.0 6.0 192
Au -14.0 -18.0 4.0 193
Au -16.0 -18.0 10.0 194
Au -14.0 -18.0 8.0 195
Au -16.0 -18.0 14.0 196
Au -14.0 -18.0 12.0 197
Au -16.0 -18.0 18.0 198
Au -14.0 -18.0 16.0 199
Au -16.0 -14.0 -18.0 200
Au -14.0 -16.0 -18.0 201
Au -16.0 -16.0 -16.0 202
Au -16.0 -14.0 -14.0 203
Au -14.0 -16.0 -14.0 204
Au -14.0 -14.0 -16.0 205
Au -16.0 -16.0 -12.0 206
Au -16.0 -14.0 -10.0 207
Au -14.0 -16.0 -10.0 208
Au -14.0 -14.0 -12.0 209
Au -16.0 -16.0 -8.0 210
Au -16.0 -14.0 -6.0 211
Au -14.0 -16.0 -6.0 212
Au -14.0 -14.0 -8.0 213
Au -16.0 -16.0 -4.0 214
Au -16.0 -14.0 -2.0 215
Au -14.0 -16.0 -2.0 216
Au -14.0 -14.0 -4.0 217
Au -16.0 -16.0 0.0 218
Au -16.0 -14.0 2.0 219
Au -14.0 -16.0 2.0 220
Au -14.0 -14.0 0.0 221
Au -16.0 -16.0 4.0 222
Au -16.0 -14.0 6.0 223
Au -14.0 -16.0 6.0 224
Au -14.0 -14.0 4.0 225
Au -16.0 -16.0 8.0 226
Au -16.0 -14.0 10.0 227
Au -14.0 -16.0 10.0 228
Au -14.0 -14.0 8.0 229
Au -16.0 -16.0 12.0 230
Au -16.0 -14.0 14.0 231
Au -14.0 -16.0 14.0 232
Au -14.0 -14.0 12.0 233
Au -16.0 -16.0 16.0 234
Au -16.0 -14.0 18.0 235
Au -14.0 -16.0 18.0 236
Au -14.0 -14.0 16.0 237
Au -16.0 -10.0 -18.0 238
Au -14.0 -12.0 -18.0 239
Au -16.0 -12.0 -16.0 240
Au -16.0 -10.0 -14.0 241
Au -14.0 -12.0 -14.0 242
Au -14.0 -10.0 -16.0 243
Au -16.0 -12.0 -12.0 244
Au -16.0 -10.0 -10.0 245
Au -14.0 -12.0 -10.0 246
Au -14.0 -10.0 -12.0 247
Au -16.0 -12.0 -8.0 248
Au -16.0 -10.0 -6.0 249
Au -14.0 -12.0 -6.0 250
Au -14.0 -10.0 -8.0 251
Au -16.0 -12.0 -4.0 252
Au -16.0 -10.0 -2.0 253
Au -14.0 -12.0 -2.0 254
Au -14.0 -10.0 -4.0 255
Au -16.0 -12.0 0.0 256
Au -16.0 -10.0 2.0 257
Au -14.0 -12.0 2.0 258
Au -14.0 -10.0 0.0 259
Au -16.0 -12.0 4.0 260
Au -16.0 -10.0 6.0 261
Au -14.0 -12.0 6.0 262
Au -14.0 -10.0 4.0 263
Au -16.0 -12.0 8.0 264
Au -16.0 -10.0 10.0 265
Au -14.0 -12.0 10.0 266
Au -14.0 -10.0 8.0 267
Au -16.0 -12.0 12.0 268
Au -16.0 -10.0 14.0 269
Au -14.0 -12.0 14.0 270
Au -14.0 -10.0 12.0 271
Au -16.0 -12.0 16.0 272
Au -16.0 -10.0 18.0 273
Au -14.0 -12.0 18.0 274
Au -14.0 -10.0 16.0 275
Au -16.0 -6.0 -18.0 276
Au -14.0 -8.0 -18.0 277
Au -16.0 -8.0 -16.0 278
Au -16.0 -6.0 -14.0 279
Au -14.0 -8.0 -14.0 280
Au -14.0 -6.0 -16.0 281
Au -16.0 -8.0 -12.0 282
Au -16.0 -6.0 -10.0 283
Au -14.0 -8.0 -10.0 284
Au -14.0 -6.0 -12.0 285
Au -16.0 -8.0 -8.0 286
Au -16.0 -6.0 -6.0 287
Au -14.0 -8.0 -6.0 288
Au -14.0 -6.0 -8.0 289
Au -16.0 -8.0 -4.0 290
Au -16.0 -6.0 -2.0 291
Au -14.0 -8.0 -2.0 292
Au -14.0 -6.0 -4.0 293
Au -16.0 -8.0 0.0 294
Au -16.0 -6.0 2.0 295
Au -14.0 -8.0 2.0 296
Au -14.0 -6.0 0.0 297
Au -16.0 -8.0 4.0 298
Au -16.0 -6.0 6.0 299
Au -14.0 -8.0 6.0 300
Au -14.0 -6.0 4.0 301
Au -16.0 -8.0 8.0 302
Au -16.0 -6.0 10.0 303
Au -14.0 -8.0 10.0 304
Au -14.0 -6.0 8.0 305
Au -16.0 -8.0 12.0 306
Au -16.0 -6.0 14.0 307
Au -14.0 -8.0 14.0 308
Au -14.0 -6.0 12.0 309
Au -16.0 -8.0 16.0 310
Au -16.0 -6.0 18.0 311
Au -14.0 -8.0 18.0 312
Au -14.0 -6.0 16.0 313
Au -16.0 -2.0 -18.0 314
Au -14.0 -4.0 -18.0 315
Au -16.0 -4.0 -16.0 316
Au -16.0 -2.0 -14.0 317
Au -14.0 -4.0 -14.0 318
Au -14.0 -2.0 -16.0 319
Au -16.0 -4.0 -12.0 320
Au -16.0 -2.0 -10.0 321
Au -14.0 -4.0 -10.0 322
Au -14.0 -2.0 -12.0 323
Au -16.0 -4.0 -8.0 324
Au -16.0 -2.0 -6.0 325
Au -14.0 -4.0 -6.0 326
Au -14.0 -2.0 -8.0 327
Au -16.0 -4.0 -4.0 328
Au -16.0 -2.0 -2.0 329
Au -14.0 -4.0 -2.0 330
Au -14.0 -2.0 -4.0 331
Au -16.0 -4.0 0.0 332
Au -16.0 -2.0 2.0 333
Au -14.0 -4.0 2.0 334
Au -14.0 -2.0 0.0 335
Au -16.0 -4.0 4.0 336
Au -16.0 -2.0 6.0 337
Au -14.0 -4.0 6.0 338
Au -14.0 -2.0 4.0 339
Au -16.0 -4.0 8.0 340
Au -16.0 -2.0 10.0 341
Au -14.0 -4.0 10.0 342
Au -14.0 -2.0 8.0 343
Au -16.0 -4.0 12.0 344
Au -16.0 -2.0 14.0 345
Au -14.0 -4.0 14.0 346
Au -14.0 -2.0 12.0 347
Au -16.0 -4.0 16.0 348
Au -16.0 -2.0 18.0 349
Au -14.0 -4.0 18.0 350
Au -14.0 -2.0 16.0 351
Au -16.0 2.0 -18.0 352
Au -14.0 0.0 -18.0 353
Au -16.0 0.0 -16.0 354
Au -16.0 2.0 -14.0 355
Au -14.0 0.0 -14.0 356
Au -14.0 2.0 -16.0 357
Au -16.0 0.0 -12.0 358
Au -16.0 2.0 -10.0 359
Au -14.0 0.0 -10.0 360
Au -14.0 2.0 -12.0 361
Au -16.0 0.0 -8.0 362
Au -16.0 2.0 -6.0 363
Au -14.0 0.0 -6.0 364
Au -14.0 2.0 -8.0 365
Au -16.0 0.0 -4.0 366
Au -16.0 2.0 -2.0 367
Au -14.0 0.0 -2.0 368
Au -14.0 2.0 -4.0 369
Au -16.0 0.0 0.0 370
Au -16.0 2.0 2.0 371
Au -14.0 0.0 2.0 372
Au -14.0 2.0 0.0 373
Au -16.0 0.0 4.0 374
Au -16.0 2.0 6.0 375
Au -14.0 0.0 6.0 376
Au -14.0 2.0 4.0 377
Au -16.0 0.0 8.0 378
Au -16.0 2.0 10.0 379
Au -14.0 0.0 10.0 380
Au -14.0 2.0 8.0 381
Au -16.0 0.0 12.0 382
Au -16.0 2.0 14.0 383
Au -14.0 0.0 14.0 384
Au -14.0 2.0 12.0 385
Au -16.0 0.0 16.0 386
Au -16.0 2.0 18.0 387
Au -14.0 0.0 18.0 388
Au -14.0 2.0 16.0 389
Au -16.0 6.0 -18.0 390
Au -14.0 4.0 -18.0 391
Au -16.0 4.0 -16.0 392
Au -16.0 6.0 -14.0 393
Au -14.0 4.0 -14.0 394
Au -14.0 6.0 -16.0 395
Au -16.0 4.0 -12.0 396
Au -16.0 6.0 -10.0 397
Au -14.0 4.0 -10.0 398
Au -14.0 6.0 -12.0 399
Au -16.0 4.0 -8.0 400
Au -16.0 6.0 -6.0 401
Au -14.0 4.0 -6.0 402
Au -14.0 6.0 -8.0 403
Au -16.0 4.0 -4.0 404
Au -16.0 6.0 -2.0 405
Au -14.0 4.0 -2.0 406
Au -14.0 6.0 -4.0 407
Au -16.0 4.0 0.0 408
Au -16.0 6.0 2.0 409
Au -14.0 4.0 2.0 410
Au -14.0 6.0 0.0 411
Au -16.0 4.0 4.0 412
Au -16.0 6.0 6.0 413
Au -14.0 4.0 6.0 414
Au -14.0 6.0 4.0 415
Au -16.0 4.0 8.0 416
Au -16.0 6.0 10.0 417
Au -14.0 4.0 10.0 418
Au -14.0 6.0 8.0 419
Au -16.0 4.0 12.0 420
Au -16.0 6.0 14.0 421
Au -14.0 4.0 14.0 422
Au -14.0 6.0 12.0 423
Au -16.0 4.0 16.0 424
Au -16.0 6.0 18.0 425
Au -14.0 4.0 18.0 426
Au -14.0 6.0 16.0 427
Au -16.0 10.0 -18.0 428
Au -14.0 8.0 -18.0 429
Au -16.0 8.0 -16.0 430
Au -16.0 10.0 -14.0 431
Au -14.0 8.0 -14.0 432
Au -14.0 10.0 -16.0 433
Au -16.0 8.0 -12.0 434
Au -16.0 10.0 -10.0 435
Au -14.0 8.0 -10.0 436
Au -14.0 10.0 -12.0 437
Au -16.0 8.0 -8.0 438
Au -16.0 10.0 -6.0 439
Au -14.0 8.0 -6.0 440
Au -14.0 10.0 -8.0 441
Au -16.0 8.0 -4.0 442
Au -16.0 10.0 -2.0 443
Au -14.0 8.0 -2.0 444
Au -14.0 10.0 -4.0 445
Au -16.0 8.0 0.0 446
Au -16.0 10.0 2.0 447
Au -14.0 8.0 2.0 448
Au -14.0 10.0 0.0 449
Au -16.0 8.0 4.0 450
Au -16.0 10.0 6.0 451
Au -14.0 8.0 6.0 452
Au -14.0 10.0 4.0 453
Au -16.0 8.0 8.0 454
Au -16.0 10.0 10.0 455
Au -14.0 8.0 10.0 456
Au -14.0 10.0 8.0 457
Au -16.0 8.0 12.0 458
Au -16.0 10.0 14.0 459
Au -14.0 8.0 14.0 460
Au -14.0 10.0 12.0 461
Au -16.0 8.0 16.0 462
Au -16.0 10.0 18.0 463
Au -14.0 8.0 18.0 464
Au -14.0 10.0 16.0 465
Au -16.0 14.0 -18.0 466
Au -14.0 12.0 -18.0 467
Au -16.0 12.0 -16.0 468
Au -16.0 14.0 -14.0 469
Au -14.0 12.0 -14.0 470
Au -14.0 14.0 -16.0 471
Au -16.0 12.0 -12.0 472
Au -16.0 14.0 -10.0 473
Au -14.0 12.0 -10.0 474
Au -14.0 14.0 -12.0 475
Au -16.0 12.0 -8.0 476
Au -16.0 14.0 -6.0 477
Au -14.0 12.0 -6.0 478
Au -14.0 14.0 -8.0 479
Au -16.0 12.0 -4.0 480
Au -16.0 14.0 -2.0 481
Au -14.0 12.0 -2.0 482
Au -14.0 14.0 -4.0 483
Au -16.0 12.0 0.0 484
Au -16.0 14.0 2.0 485
Au -14.0 12.0 2.0 486
Au -14.0 14.0 0.0 487
Au -16.0 12.0 4.0 488
Au -16.0 14.0 6.0 489
Au -14.0 12.0 6.0 490
Au -14.0 14.0 4.0 491
Au -16.0 12.0 8.0 492
Au -16.0 14.0 10.0 493
Au -14.0 12.0 10.0 494
Au -14.0 14.0 8.0 495
Au -16.0 12.0 12.0 496
Au -16.0 14.0 14.0 497
Au -14.0 12.0 14.0 498
Au -14.0 14.0 12.0 499
Au -16.0 12.0 16.0 500
Au -16.0 14.0 18.0 501
Au -14.0 12.0 18.0 502
Au -14.0 14.0 16.0 503
Au -16.0 18.0 -18.0 504
Au -14.0 16.0 -18.0 505
Au -16.0 16.0 -16.0 506
Au -16.0 18.0 -14.0 507
Au -14.0 16.0 -14.0 508
Au -14.0 18.0 -16.0 509
Au -16.0 16.0 -12.0 510
Au -16.0 18.0 -10.0 511
Au -14.0 16.0 -10.0 512
Au -14.0 18.0 -12.0 513
Au -16.0 16.0 -8.0 514
Au -16.0 18.0 -6.0 515
Au -14.0 16.0 -6.0 516
Au -14.0 18.0 -8.0 517
Au -16.0 16.0 -4.0 518
Au -16.0 18.0 -2.0 519
Au -14.0 16.0 -2.0 520
Au -14.0 18.0 -4.0 521
Au -16.0 16.0 0.0 522
Au -16.0 18.0 2.0 523
Au -14.0 16.0 2.0 524
Au -14.0 18.0 0.0 525
Au -16.0 16.0 4.0 526
Au -16.0 18.0 6.0 527
Au -14.0 16.0 6.0 528
Au -14.0 18.0 4.0 529
Au -16.0 16.0 8.0 530
Au -16.0 18.0 10.0 531
Au -14.0 16.0 10.0 532
Au -14.0 18.0 8.0 533
Au -16.0 16.0 12.0 534
Au -16.0 18.0 14.0 535
Au -14.0 16.0 14.0 536
Au -14.0 18.0 12.0 537
Au -16.0 16.0 16.0 538
Au -16.0 18.0 18.0 539
Au -14.0 16.0 18.0 540
Au -14.0 18.0 16.0 541
Au -12.0 -18.0 -18.0 542
Au -12.0 -18.0 -14.0 543
Au -10.0 -18.0 -16.0 544
Au -12.0 -18.0 -10.0 545
Au -10.0 -18.0 -12.0 546
Au -12.0 -18.0 -6.0 547
Au -10.0 -18.0 -8.0 548
Au -12.0 -18.0 -2.0 549
Au -10.0 -18.0 -4.0 550
Au -12.0 -18.0 2.0 551
Au -10.0 -18.0 0.0 552
Au -12.0 -18.0 6.0 553
Au -10.0 -18.0 4.0 554
Au -12.0 -18.0 10.0 555
Au -10.0 -18.0 8.0 556
Au -12.0 -18.0 14.0 557
Au -10.0 -18.0 12.0 558
Au -12.0 -18.0 18.0 559
Au -10.0 -18.0 16.0 560
Au -12.0 -14.0 -18.0 561
Au -10.0 -16.0 -18.0 562
Au -12.0 -16.0 -16.0 563
Au -12.0 -14.0 -14.0 564
Au -10.0 -16.0 -14.0 565
Au -10.0 -14.0 -16.0 566
Au -12.0 -16.0 -12.0 567
Au -12.0 -14.0 -10.0 568
Au -10.0 -16.0 -10.0 569
Au -10.0 -14.0 -12.0 570
Au -12.0 -16.0 -8.0 571
Au -12.0 -14.0 -6.0 572
Au -10.0 -16.0 -6.0 573
Au -10.0 -14.0 -8.0 574
Au -12.0 -16.0 -4.0 575
Au -12.0 -14.0 -2.0 576
Au -10.0 -16.0 -2.0 577
Au -10.0 -14.0 -4.0 578
Au -12.0 -16.0 0.0 579
Au -12.0 -14.0 2.0 580
Au -10.0 -16.0 2.0 581
Au -10.0 -14.0 0.0 582
Au -12.0 -16.0 4.0 583
Au -12.0 -14.0 6.0 584
Au -10.0 -16.0 6.0 585
Au -10.0 -14.0 4.0 586
Au -12.0 -16.0 8.0 587
Au -12.0 -14.0 10.0 588
Au -10.0 -16.0 10.0 589
Au -10.0 -14.0 8.0 590
Au -12.0 -16.0 12.0 591
Au -12.0 -14.0 14.0 592
Au -10.0 -16.0 14.0 593
Au -10.0 -14.0 12.0 594
Au -12.0 -16.0 16.0 595
Au -12.0 -14.0 18.0 596
Au -10.0 -16.0 18.0 597
Au -10.0 -14.0 16.0 598
Au -12.0 -10.0 -18.0 599
Au -10.0 -12.0 -18.0 600
Au -12.0 -12.0 -16.0 601
Au -12.0 -10.0 -14.0 602
Au -10.0 -12.0 -14.0 603
Au -10.0 -10.0 -16.0 604
Au -12.0 -12.0 -12.0 605
Au -12.0 -10.0 -10.0 606
Au -10.0 -12.0 -10.0 607
Au -10.0 -10.0 -12.0 608
Au -12.0 -12.0 -8.0 609
Au -12.0 -10.0 -6.0 610
Au -10.0 -12.0 -6.0 611
Au -10.0 -10.0 -8.0 612
Au -12.0 -12.0 -4.0 613
Au -12.0 -10.0 -2.0 614
Au -10.0 -12.0 -2.0 615
Au -10.0 -10.0 -4.0 616
Au -12.0 -12.0 0.0 617
Au -12.0 -10.0 2.0 618
Au -10.0 -12.0 2.0 619
Au -10.0 -10.0 0.0 620
Au -12.0 -12.0 4.0 621
Au -12.0 -10.0 6.0 622
Au -10.0 -12.0 6.0 623
Au -10.0 -10.0 4.0 624
Au -12.0 -12.0 8.0 625
Au -12.0 -10.0 10.0 626
Au -10.0 -12.0 10.0 627
Au -10.0 -10.0 8.0 628
Au -12.0 -12.0 12.0 629
Au -12.0 -10.0 14.0 630
Au -10.0 -12.0 14.0 631
Au -10.0 -10.0 12.0 632
Au -12.0 -12.0 16.0 633
Au -12.0 -10.0 18.0 634
Au -10.0 -12.0 18.0 635
Au -10.0 -10.0 16.0 636
Au -12.0 -6.0 -18.0 637
Au -10.0 -8.0 -18.0 638
Au -12.0 -8.0 -16.0 639
Au -12.0 -6.0 -14.0 640
Au -10.0 -8.0 -14.0 641
Au -10.0 -6.0 -16.0 642
Au -12.0 -8.0 -12.0 643
Au -12.0 -6.0 -10.0 644
Au -10.0 -8.0 -10.0 645
Au -10.0 -6.0 -12.0 646
Au -12.0 -8.0 -8.0 647
Au -12.0 -6.0 -6.0 648
Au -10.0 -8.0 -6.0 649
Au -10.0 -6.0 -8.0 650
Au -12.0 -8.0 -4.0 651
Au -12.0 -6.0 -2.0 652
Au -10.0 -8.0 -2.0 653
Au -10.0 -6.0 -4.0 654
Au -12.0 -8.0 0.0 655
Au -12.0 -6.0 2.0 656
Au -10.0 -8.0 2.0 657
Au -10.0 -6.0 0.0 658
Au -12.0 -8.0 4.0 659
Au -12.0 -6.0 6.0 660
Au -10.0 -8.0 6.0 661
Au -10.0 -6.0 4.0 662
Au -12.0 -8.0 8.0 663
Au -12.0 -6.0 10.0 664
Au -10.0 -8.0 10.0 665
Au -10.0 -6.0 8.0 666
Au -12.0 -8.0 12.0 667
Au -12.0 -6.0 14.0 668
Au -10.0 -8.0 14.0 669
Au -10.0 -6.0 12.0 670
Au -12.0 -8.0 16.0 671
Au -12.0 -6.0 18.0 672
Au -10.0 -8.0 18.0 673
Au -10.0 -6.0 16.0 674
Au -12.0 -2.0 -18.0 675
Au -10.0 -4.0 -18.0 676
Au -12.0 -4.0 -16.0 677
Au -12.0 -2.0 -14.0 678
Au -10.0 -4.0 -14.0 679
Au -10.0 -2.0 -16.0 680
Au -12.0 -4.0 -12.0 681
Au -12.0 -2.0 -10.0 682
Au -10.0 -4.0 -10.0 683
Au -10.0 -2.0 -12.0 684
Au -12.0 -4.0 -8.0 685
Au -12.0 -2.0 -6.0 686
Au -10.0 -4.0 -6.0 687
Au -10.0 -2.0 -8.0 688
Au -12.0 -4.0 -4.0 689
Au -12.0 -2.0 -2.0 690
Au -10.0 -4.0 -2.0 691
Au -10.0 -2.0 -4.0 692
Au -12.0 -4.0 0.0 693
Au -12.0 -2.0 2.0 694
Au -10.0 -4.0 2.0 695
Au -10.0 -2.0 0.0 696
Au -12.0 -4.0 4.0 697
Au -12.0 -2.0 6.0 698
Au -10.0 -4.0 6.0 699
Au -10.0 -2.0 4.0 700
Au -12.0 -4.0 8.0 701
Au -12.0 -2.0 10.0 702
Au -10.0 -4.0 10.0 703
Au -10.0 -2.0 8.0 704
Au -12.0 -4.0 12.0 705
Au -12.0 -2.0 14.0 706
Au -10.0 -4.0 14.0 707
Au -10.0 -2.0 12.0 708
Au -12.0 -4.0 16.0 709
Au -12.0 -2.0 18.0 710
Au -10.0 -4.0 18.0 711
Au -10.0 -2.0 16.0 712
Au -12.0 2.0 -18.0 713
Au -10.0 0.0 -18.0 714
Au -12.0 0.0 -16.0 715
Au -12.0 2.0 -14.0 716
Au -10.0 0.0 -14.0 717
Au -10.0 2.0 -16.0 718
Au -12.0 0.0 -12.0 719
Au -12.0 2.0 -10.0 720
Au -10.0 0.0 -10.0 721
Au -10.0 2.0 -12.0 722
Au -12.0 0.0 -8.0 723
Au -12.0 2.0 -6.0 724
Au -10.0 0.0 -6.0 725
Au -10.0 2.0 -8.0 726
Au -12.0 0.0 -4.0 727
Au -12.0 2.0 -2.0 728
Au -10.0 0.0 -2.0 729
Au -10.0 2.0 -4.0 730
Au -12.0 0.0 0.0 731
Au -12.0 2.0 2.0 732
Au -10.0 0.0 2.0 733
Au -10.0 2.0 0.0 734
Au -12.0 0.0 4.0 735
Au -12.0 2.0 6.0 736
Au -10.0 0.0 6.0 737
Au -10.0 2.0 4.0 738
Au -12.0 0.0 8.0 739
Au -12.0 2.0 10.0 740
Au -10.0 0.0 10.0 741
Au -10.0 2.0 8.0 742
Au -12.0 0.0 12.0 743
Au -12.0 2.0 14.0 744
Au -10.0 0.0 14.0 745
Au -10.0 2.0 12.0 746
Au -12.0 0.0 16.0 747
Au -12.0 2.0 18.0 748
Au -10.0 0.0 18.0 749
Au -10.0 2.0 16.0 750
Au -12.0 6.0 -18.0 751
Au -10.0 4.0 -18.0 752
Au -12.0 4.0 -16.0 753
Au -12.0 6.0 -14.0 754
Au -10.0 4.0 -14.0 755
Au -10.0 6.0 -16.0 756
Au -12.0 4.0 -12.0 757
Au -12.0 6.0 -10.0 758
Au -10.0 4.0 -10.0 759
Au -10.0 6.0 -12.0 760
Au -12.0 4.0 -8.0 761
Au -12.0 6.0 -6.0 762
Au -10.0 4.0 -6.0 763
Au -10.0 6.0 -8.0 764
Au -12.0 4.0 -4.0 765
Au -12.0 6.0 -2.0 766
Au -10.0 4.0 -2.0 767
Au -10.0 6.0 -4.0 768
Au -12.0 4.0 0.0 769
Au -12.0 6.0 2.0 770
Au -10.0 4.0 2.0 771
Au -10.0 6.0 0.0 772
Au -12.0 4.0 4.0 773
Au -12.0 6.0 6.0 774
Au -10.0 4.0 6.0 775
Au -10.0 6.0 4.0 776
Au -12.0 4.0 8.0 777
Au -12.0 6.0 10.0 778
Au -10.0 4.0 10.0 779
Au -10.0 6.0 8.0 780
Au -12.0 4.0 12.0 781
Au -12.0 6.0 14.0 782
Au -10.0 4.0 14.0 783
Au -10.0 6.0 12.0 784
Au -12.0 4.0 16.0 785
Au -12.0 6.0 18.0 786
Au -10.0 4.0 18.0 787
Au -10.0 6.0 16.0 788
Au -12.0 10.0 -18.0 789
Au -10.0 8.0 -18.0 790
Au -12.0 8.0 -16.0 791
Au -12.0 10.0 -14.0 792
Au -10.0 8.0 -14.0 793
Au -10.0 10.0 -16.0 794
Au -12.0 8.0 -12.0 795
Au -12.0 10.0 -10.0 796
Au -10.0 8.0 -10.0 797
Au -10.0 10.0 -12.0 798
Au -12.0 8.0 -8.0 799
Au -12.0 10.0 -6.0 800
Au -10.0 8.0 -6.0 801
Au -10.0 10.0 -8.0 802
Au -12.0 8.0 -4.0 803
Au -12.0 10.0 -2.0 804
Au -10.0 8.0 -2.0 805
Au -10.0 10.0 -4.0 806
Au -12.0 8.0 0.0 807
Au -12.0 10.0 2.0 808
Au -10.0 8.0 2.0 809
Au -10.0 10.0 0.0 810
Au -12.0 8.0 4.0 811
Au -12.0 10.0 6.0 812
Au -10.0 8.0 6.0 813
Au -10.0 10.0 4.0 814
Au -12.0 8.0 8.0 815
Au -12.0 10.0 10.0 816
Au -10.0 8.0 10.0 817
Au -10.0 10.0 8.0 818
Au -12.0 8.0 12.0 819
Au -12.0 10.0 14.0 820
Au -10.0 8.0 14.0 821
Au -10.0 10.0 12.0 822
Au -12.0 8.0 16.0 823
Au -12.0 10.0 18.0 824
Au -10.0 8.0 18.0 825
Au -10.0 10.0 16.0 826
Au -12.0 14.0 -18.0 827
Au -10.0 12.0 -18.0 828
Au -12.0 12.0 -16.0 829
Au -12.0 14.0 -14.0 830
Au -10.0 12.0 -14.0 831
Au -10.0 14.0 -16.0 832
Au -12.0 12.0 -12.0 833
Au -12.0 14.0 -10.0 834
Au -10.0 12.0 -10.0 835
Au -10.0 14.0 -12.0 836
Au -12.0 12.0 -8.0 837
Au -12.0 14.0 -6.0 838
Au -10.0 12.0 -6.0 839
Au -10.0 14.0 -8.0 840
Au -12.0 12.0 -4.0 841
Au -12.0 14.0 -2.0 842
Au -10.0 12.0 -2.0 843
Au -10.0 14.0 -4.0 844
Au -12.0 12.0 0.0 845
Au -12.0 14.0 2.0 846
Au -10.0 12.0 2.0 847
Au -10.0 14.0 0.0 848
Au -12.0 12.0 4.0 849
Au -12.0 14.0 6.0 850
Au -10.0 12.0 6.0 851
Au -10.0 14.0 4.0 852
Au -12.0 12.0 8.0 853
Au -12.0 14.0 10.0 854
Au -10.0 12.0 10.0 855
Au -10.0 14.0 8.0 856
Au -12.0 12.0 12.0 857
Au -12.0 14.0 14.0 858
Au -10.0 12.0 14.0 859
Au -10.0 14.0 12.0 860
Au -12.0 12.0 16.0 861
Au -12.0 14.0 18.0 862
Au -10.0 12.0 18.0 863
Au -10.0 14.0 16.0 864
Au -12.0 18.0 -18.0 865
Au -10.0 16.0 -18.0 866
Au -12.0 16.0 -16.0 867
Au -12.0 18.0 -14.0 868
Au -10.0 16.0 -14.0 869
Au -10.0 18.0 -16.0 870
Au -12.0 16.0 -12.0 871
Au -12.0 18.0 -10.0 872
Au -10.0 16.0 -10.0 873
Au -10.0 18.0 -12.0 874
Au -12.0 16.0 -8.0 875
Au -12.0 18.0 -6.0 876
Au -10.0 16.0 -6.0 877
Au -10.0 18.0 -8.0 878
Au -12.0 16.0 -4.0 879
Au -12.0 18.0 -2.0 880
Au -10.0 16.0 -2.0 881
Au -10.0 18.0 -4.0 882
Au -12.0 16.0 0.0 883
Au -12.0 18.0 2.0 884
Au -10.0 16.0 2.0 885
Au -10.0 18.0 0.0 886
Au -12.0 16.0 4.0 887
Au -12.0 18.0 6.0 888
Au -10.0 16.0 6.0 889
Au -10.0 18.0 4.0 890
Au -12.0 16.0 8.0 891
Au -12.0 18.0 10.0 892
Au -10.0 16.0 10.0 893
Au -10.0 18.0 8.0 894
Au -12.0 16.0 12.0 895
Au -12.0 18.0 14.0 896
Au -10.0 16.0 14.0 897
Au -10.0 18.0 12.0 898
Au -12.0 16.0 16.0 899
Au -12.0 18.0 18.0 900
Au -10.0 16.0 18.0 901
Au -10.0 18.0 16.0 902
Au -8.0 -18.0 -18.0 903
Au -8.0 -18.0 -14.0 904
Au -6.0 -18.0 -16.0 905
Au -8.0 -18.0 -10.0 906
Au -6.0 -18.0 -12.0 907
Au -8.0 -18.0 -6.0 908
Au -6.0 -18.0 -8.0 909
Au -8.0 -18.0 -2.0 910
Au -6.0 -18.0 -4.0 911
Au -8.0 -18.0 2.0 912
Au -6.0 -18.0 0.0 913
Au -8.0 -18.0 6.0 914
Au -6.0 -18.0 4.0 915
Au -8.0 -18.0 10.0 916
Au -6.0 -18.0 8.0 917
Au -8.0 -18.0 14.0 918
Au -6.0 -18.0 12.0 919
Au -8.0 -18.0 18.0 920
Au -6.0 -18.0 16.0 921
Au -8.0 -14.0 -18.0 922
Au -6.0 -16.0 -18.0 923
Au -8.0 -16.0 -16.0 924
Au -8.0 -14.0 -14.0 925
Au -6.0 -16.0 -14.0 926
Au -6.0 -14.0 -16.0 927
Au -8.0 -16.0 -12.0 928
Au -8.0 -14.0 -10.0 929
Au -6.0 -16.0 -10.0 930
Au -6.0 -14.0 -12.0 931
Au -8.0 -16.0 -8.0 932
Au -8.0 -14.0 -6.0 933
Au -6.0 -16.0 -6.0 934
Au -6.0 -14.0 -8.0 935
Au -8.0 -16.0 -4.0 936
Au -8.0 -14.0 -2.0 937
Au -6.0 -16.0 -2.0 938
Au -6.0 -14.0 -4.0 939
Au -8.0 -16.0 0.0 940
Au -8.0 -14.0 2.0 941
Au -6.0 -16.0 2.0 942
Au -6.0 -14.0 0.0 943
Au -8.0 -16.0 4.0 944
Au -8.0 -14.0 6.0 945
Au -6.0 -16.0 6.0 946
Au -6.0 -14.0 4.0 947
Au -8.0 -16.0 8.0 948
Au -8.0 -14.0 10.0 949
Au -6.0 -16.0 10.0 950
Au -6.0 -14.0 8.0 951
Au -8.0 -16.0 12.0 952
Au -8.0 -14.0 14.0 953
Au -6.0 -16.0 14.0 954
Au -6.0 -14.0 12.0 955
Au -8.0 -16.0 16.0 956
Au -8.0 -14.0 18.0 957
Au -6.0 -16.0 18.0 958
Au -6.0 -14.0 16.0 959
Au -8.0 -10.0 -18.0 960
Au -6.0 -12.0 -18.0 961
Au -8.0 -12.0 -16.0 962
Au -8.0 -10.0 -14.0 963
Au -6.0 -12.0 -14.0 964
Au -6.0 -10.0 -16.0 965
Au -8.0 -12.0 -12.0 966
Au -8.0 -10.0 -10.0 967
Au -6.0 -12.0 -10.0 968
Au -6.0 -10.0 -12.0 969
Au -8.0 -12.0 -8.0 970
Au -8.0 -10.0 -6.0 971
Au -6.0 -12.0 -6.0 972
Au -6.0 -10.0 -8.0 973
Au -8.0 -12.0 -4.0 974
Au -8.0 -10.0 -2.0 975
Au -6.0 -12.0 -2.0 976
Au -6.0 -10.0 -4.0 977
Au -8.0 -12.0 0.0 978
Au -8.0 -10.0 2.0 979
Au -6.0 -12.0 2.0 980
Au -6.0 -10.0 0.0 981
Au -8.0 -12.0 4.0 982
Au -8.0 -10.0 6.0 983
Au -6.0 -12.0 6.0 984
Au -6.0 -10.0 4.0 985
Au -8.0 -12.0 8.0 986
Au -8.0 -10.0 10.0 987
Au -6.0 -12.0 10.0 988
Au -6.0 -10.0 8.0 989
Au -8.0 -12.0 12.0 990
Au -8.0 -10.0 14.0 991
Au -6.0 -12.0 14.0 992
Au -6.0 -10.0 12.0 993
Au -8.0 -12.0 16.0 994
Au -8.0 -10.0 18.0 995
Au -6.0 -12.0 18.0 996
Au -6.0 -10.0 16.0 997
Au -8.0 -6.0 -18.0 998
Au -6.0 -8.0 -18.0 999
Au -8.0 -8.0 -16.0 1000
Au -8.0 -6.0 -14.0 1001
Au -6.0 -8.0 -14.0 1002
Au -6.0 -6.0 -16.0 1003
Au -8.0 -8.0 -12.0 1004
Au -8.0 -6.0 -10.0 1005
Au -6.0 -8.0 -10.0 1006
Au -6.0 -6.0 -12.0 1007
Au -8.0 -8.0 -8.0 1008
Au -8.0 -6.0 -6.0 1009
Au -6.0 -8.0 -6.0 1010
Au -6.0 -6.0 -8.0 1011
Au -8.0 -8.0 -4.0 1012
Au -8.0 -6.0 -2.0 1013
Au -6.0 -8.0 -2.0 1014
Au -6.0 -6.0 -4.0 1015
Au -8.0 -8.0 0.0 1016
Au -8.0 -6.0 2.0 1017
Au -6.0 -8.0 2.0 1018
Au -6.0 -6.0 0.0 1019
Au -8.0 -8.0 4.0 1020
Au -8.0 -6.0 6.0 1021
Au -6.0 -8.0 6.0 1022
Au -6.0 -6.0 4.0 1023
Au -8.0 -8.0 8.0 1024
Au -8.0 -6.0 10.0 1025
Au -6.0 -8.0 10.0 1026
Au -6.0 -6.0 8.0 1027
Au -8.0 -8.0 12.0 1028
Au -8.0 -6.0 14.0 1029
Au -6.0 -8.0 14.0 1030
Au -6.0 -6.0 12.0 1031
Au -8.0 -8.0 16.0 1032
Au -8.0 -6.0 18.0 1033
Au -6.0 -8.0 18.0 1034
Au -6.0 -6.0 16.0 1035
Au -8.0 -2.0 -18.0 1036
Au -6.0 -4.0 -18.0 1037
Au -8.0 -4.0 -16.0 1038
Au -8.0 -2.0 -14.0 1039
Au -6.0 -4.0 -14.0 1040
Au -6.0 -2.0 -16.0 1041
Au -8.0 -4.0 -12.0 1042
Au -8.0 -2.0 -10.0 1043
Au -6.0 -4.0 -10.0 1044
Au -6.0 -2.0 -12.0 1045
Au -8.0 -4.0 -8.0 1046
Au -8.0 -2.0 -6.0 1047
Au -6.0 -4.0 -6.0 1048
Au -6.0 -2.0 -8.0 1049
Au -8.0 -4.0 -4.0 1050
Au -8.0 -2.0 -2.0 1051
Au -6.0 -4.0 -2.0 1052
Au -6.0 -2.0 -4.0 1053
Au -8.0 -4.0 0.0 1054
Au -8.0 -2.0 2.0 1055
Au -6.0 -4.0 2.0 1056
Au -6.0 -2.0 0.0 1057
Au -8.0 -4.0 4.0 1058
Au -8.0 -2.0 6.0 1059
Au -6.0 -4.0 6.0 1060
Au -6.0 -2.0 4.0 1061
Au -8.0 -4.0 8.0 1062
Au -8.0 -2.0 10.0 1063
Au -6.0 -4.0 10.0 1064
Au -6.0 -2.0 8.0 1065
Au -8.0 -4.0 12.0 1066
Au -8.0 -2.0 14.0 1067
Au -6.0 -4.0 14.0 1068
Au -6.0 -2.0 12.0 1069
Au -8.0 -4.0 16.0 1070
Au -8.0 -2.0 18.0 1071
Au -6.0 -4.0 18.0 1072
Au -6.0 -2.0 16.0 1073
Au -8.0 2.0 -18.0 1074
Au -6.0 0.0 -18.0 1075
Au -8.0 0.0 -16.0 1076
Au -8.0 2.0 -14.0 1077
Au -6.0 0.0 -14.0 1078
Au -6.0 2.0 -16.0 1079
Au -8.0 0.0 -12.0 1080
Au -8.0 2.0 -10.0 1081
Au -6.0 0.0 -10.0 1082
Au -6.0 2.0 -12.0 1083
Au -8.0 0.0 -8.0 1084
Au -8.0 2.0 -6.0 1085
Au -6.0 0.0 -6.0 1086
Au -6.0 2.0 -8.0 1087
Au -8.0 0.0 -4.0 1088
Au -8.0 2.0 -2.0 1089
Au -6.0 0.0 -2.0 1090
Au -6.0 2.0 -4.0 1091
Au -8.0 0.0 0.0 1092
Au -8.0 2.0 2.0 1093
Au -6.0 0.0 2.0 1094
Au -6.0 2.0 0.0 1095
Au -8.0 0.0 4.0 1096
Au -8.0 2.0 6.0 1097
Au -6.0 0.0 6.0 1098
Au -6.0 2.0 4.0 1099
Au -8.0 0.0 8.0 1100
Au -8.0 2.0 10.0 1101
Au -6.0 0.0 10.0 1102
Au -6.0 2.0 8.0 1103
Au -8.0 0.0 12.0 1104
Au -8.0 2.0 14.0 1105
Au -6.0 0.0 14.0 1106
Au -6.0 2.0 12.0 1107
Au -8.0 0.0 16.0 1108
Au -8.0 2.0 18.0 1109
Au -6.0 0.0 18.0 1110
Au -6.0 2.0 16.0 1111
Au -8.0 6.0 -18.0 1112
Au -6.0 4.0 -18.0 1113
Au -8.0 4.0 -16.0 1114
Au -8.0 6.0 -14.0 1115
Au -6.0 4.0 -14.0 1116
Au -6.0 6.0 -16.0 1117
Au -8.0 4.0 -12.0 1118
Au -8.0 6.0 -10.0 1119
Au -6.0 4.0 -10.0 1120
Au -6.0 6.0 -12.0 1121
Au -8.0 4.0 -8.0 1122
Au -8.0 6.0 -6.0 1123
Au -6.0 4.0 -6.0 1124
Au -6.0 6.0 -8.0 1125
Au -8.0 4.0 -4.0 1126
Au -8.0 6.0 -2.0 1127
Au -6.0 4.0 -2.0 1128
Au -6.0 6.0 -4.0 1129
Au -8.0 4.0 0.0 1130
Au -8.0 6.0 2.0 1131
Au -6.0 4.0 2.0 1132
Au -6.0 6.0 0.0 1133
Au -8.0 4.0 4.0 1134
Au -8.0 6.0 6.0 1135
Au -6.0 4.0 6.0 1136
Au -6.0 6.0 4.0 1137
Au -8.0 4.0 8.0 1138
Au -8.0 6.0 10.0 1139
Au -6.0 4.0 10.0 1140
Au -6.0 6.0 8.0 1141
Au -8.0 4.0 12.0 1142
Au -8.0 6.0 14.0 1143
Au -6.0 4.0 14.0 1144
Au -6.0 6.0 12.0 1145
Au -8.0 4.0 16.0 1146
Au -8.0 6.0 18.0 1147
Au -6.0 4.0 18.0 1148
Au -6.0 6.0 16.0 1149
Au -8.0 10.0 -18.0 1150
Au -6.0 8.0 -18.0 1151
Au -8.0 8.0 -16.0 1152
Au -8.0 10.0 -14.0 1153
Au -6.0 8.0 -14.0 1154
Au -6.0 10.0 -16.0 1155
Au -8.0 8.0 -12.0 1156
Au -8.0 10.0 -10.0 1157
Au -6.0 8.0 -10.0 1158
Au -6.0 10.0 -12.0 1159
Au -8.0 8.0 -8.0 1160
Au -8.0 10.0 -6.0 1161
Au -6.0 8.0 -6.0 1162
Au -6.0 10.0 -8.0 1163
Au -8.0 8.0 -4.0 1164
Au -8.0 10.0 -2.0 1165
Au -6.0 8.0 -2.0 1166
Au -6.0 10.0 -4.0 1167
Au -8.0 8.0 0.0 1168
Au -8.0 10.0 2.0 1169
Au -6.0 8.0 2.0 1170
Au -6.0 10.0 0.0 1171
Au -8.0 8.0 4.0 1172
Au -8.0 10.0 6.0 1173
Au -6.0 8.0 6.0 1174
Au -6.0 10.0 4.0 1175
Au -8.0 8.0 8.0 1176
Au -8.0 10.0 10.0 1177
Au -6.0 8.0 10.0 1178
Au -6.0 10.0 8.0 1179
Au -8.0 8.0 12.0 1180
Au -8.0 10.0 14.0 1181
Au -6.0 8.0 14.0 1182
Au -6.0 10.0 12.0 1183
Au -8.0 8.0 16.0 1184
Au -8.0 10.0 18.0 1185
Au -6.0 8.0 18.0 1186
Au -6.0 10.0 16.0 1187
Au -8.0 14.0 -18.0 1188
Au -6.0 12.0 -18.0 1189
Au -8.0 12.0 -16.0 1190
Au -8.0 14.0 -14.0 1191
Au -6.0 12.0 -14.0 1192
Au -6.0 14.0 -16.0 1193
Au -8.0 12.0 -12.0 1194
Au -8.0 14.0 -10.0 1195
Au -6.0 12.0 -10.0 1196
Au -6.0 14.0 -12.0 1197
Au -8.0 12.0 -8.0 1198
Au -8.0 14.0 -6.0 1199
Au -6.0 12.0 -6.0 1200
Au -6.0 14.0 -8.0 1201
Au -8.0 12.0 -4.0 1202
Au -8.0 14.0 -2.0 1203
Au -6.0 12.0 -2.0 1204
Au -6.0 14.0 -4.0 1205
Au -8.0 12.0 0.0 1206
Au -8.0 14.0 2.0 1207
Au -6.0 12.0 2.0 1208
Au -6.0 14.0 0.0 1209
Au -8.0 12.0 4.0 1210
Au -8.0 14.0 6.0 1211
Au -6.0 12.0 6.0 1212
Au -6.0 14.0 4.0 1213
Au -8.0 12.0 8.0 1214
Au -8.0 14.0 10.0 1215
Au -6.0 12.0 10.0 1216
Au -6.0 14.0 8.0 1217
Au -8.0 12.0 12.0 1218
Au -8.0 14.0 14.0 1219
Au -6.0 12.0 14.0 1220
Au -6.0 14.0 12.0 1221
Au -8.0 12.0 16.0 1222
Au -8.0 14.0 18.0 1223
Au -6.0 12.0 18.0 1224
Au -6.0 14.0 16.0 1225
Au -8.0 18.0 -18.0 1226
Au -6.0 16.0 -18.0 1227
Au -8.0 16.0 -16.0 1228
Au -8.0 18.0 -14.0 1229
Au -6.0 16.0 -14.0 1230
Au -6.0 18.0 -16.0 1231
Au -8.0 16.0 -12.0 1232
Au -8.0 18.0 -10.0 1233
Au -6.0 16.0 -10.0 1234
Au -6.0 18.0 -12.0 1235
Au -8.0 16.0 -8.0 1236
Au -8.0 18.0 -6.0 1237
Au -6.0 16.0 -6.0 1238
Au -6.0 18.0 -8.0 1239
Au -8.0 16.0 -4.0 1240
Au -8.0 18.0 -2.0 1241
Au -6.0 16.0 -2.0 1242
Au -6.0 18.0 -4.0 1243
Au -8.0 16.0 0.0 1244
Au -8.0 18.0 2.0 1245
Au -6.0 16.0 2.0 1246
Au -6.0 18.0 0.0 1247
Au -8.0 16.0 4.0 1248
Au -8.0 18.0 6.0 1249
Au -6.0 16.0 6.0 1250
Au -6.0 18.0 4.0 1251
Au -8.0 16.0 8.0 1252
Au -8.0 18.0 10.0 1253
Au -6.0 16.0 10.0 1254
Au -6.0 18.0 8.0 1255
Au -8.0 16.0 12.0 1256
Au -8.0 18.0 14.0 1257
Au -6.0 16.0 14.0 1258
Au -6.0 18.0 12.0 1259
Au -8.0 16.0 16.0 1260
Au -8.0 18.0 18.0 1261
Au -6.0 16.0 18.0 1262
Au -6.0 18.0 16.0 1263
Au -4.0 -18.0 -18.0 1264
Au -4.0 -18.0 -14.0 1265
Au -2.0 -18.0 -16.0 1266
Au -4.0 -18.0 -10.0 1267
Au -2.0 -18.0 -12.0 1268
Au -4.0 -18.0 -6.0 1269
Au -2.0 -18.0 -8.0 1270
Au -4.0 -18.0 -2.0 1271
Au -2.0 -18.0 -4.0 1272
Au -4.0 -18.0 2.0 1273
Au -2.0 -18.0 0.0 1274
Au -4.0 -18.0 6.0 1275
Au -2.0 -18.0 4.0 1276
Au -4.0 -18.0 10.0 1277
Au -2.0 -18.0 8.0 1278
Au -4.0 -18.0 14.0 1279
Au -2.0 -18.0 12.0 1280
Au -4.0 -18.0 18.0 1281
Au -2.0 -18.0 16.0 1282
Au -4.0 -14.0 -18.0 1283
Au -2.0 -16.0 -18.0 1284
Au -4.0 -16.0 -16.0 1285
Au -4.0 -14.0 -14.0 1286
Au -2.0 -16.0 -14.0 1287
Au -2.0 -14.0 -16.0 1288
Au -4.0 -16.0 -12.0 1289
Au -4.0 -14.0 -10.0 1290
Au -2.0 -16.0 -10.0 1291
Au -2.0 -14.0 -12.0 1292
Au -4.0 -16.0 -8.0 1293
Au -4.0 -14.0 -6.0 1294
Au -2.0 -16.0 -6.0 1295
Au -2.0 -14.0 -8.0 1296
Au -4.0 -16.0 -4.0 1297
Au -4.0 -14.0 -2.0 1298
Au -2.0 -16.0 -2.0 1299
Au -2.0 -14.0 -4.0 1300
Au -4.0 -16.0 0.0 1301
Au -4.0 -14.0 2.0 1302
Au -2.0 -16.0 2.0 1303
Au -2.0 -14.0 0.0 1304
Au -4.0 -16.0 4.0 1305
Au -4.0 -14.0 6.0 1306
Au -2.0 -16.0 6.0 1307
Au -2.0 -14.0 4.0 1308
Au -4.0 -16.0 8.0 1309
Au -4.0 -14.0 10.0 1310
Au -2.0 -16.0 10.0 1311
Au -2.0 -14.0 8.0 1312
Au -4.0 -16.0 12.0 1313
Au -4.0 -14.0 14.0 1314
Au -2.0 -16.0 14.0 1315
Au -2.0 -14.0 12.0 1316
Au -4.0 -16.0 16.0 1317
Au -4.0 -14.0 18.0 1318
Au -2.0 -16.0 18.0 1319
Au -2.0 -14.0 16.0 1320
Au -4.0 -10.0 -18.0 1321
Au -2.0 -12.0 -18.0 1322
Au -4.0 -12.0 -16.0 1323
Au -4.0 -10.0 -14.0 1324
Au -2.0 -12.0 -14.0 1325
Au -2.0 -10.0 -16.0 1326
Au -4.0 -12.0 -12.0 1327
Au -4.0 -10.0 -10.0 1328
Au -2.0 -12.0 -10.0 1329
Au -2.0 -10.0 -12.0 1330
Au -4.0 -12.0 -8.0 1331
Au -4.0 -10.0 -6.0 1332
Au -2.0 -12.0 -6.0 1333
Au -2.0 -10.0 -8.0 1334
Au -4.0 -12.0 -4.0 1335
Au -4.0 -10.0 -2.0 1336
Au -2.0 -12.0 -2.0 1337
Au -2.0 -10.0 -4.0 1338
Au -4.0 -12.0 0.0 1339
Au -4.0 -10.0 2.0 1340
Au -2.0 -12.0 2.0 1341
Au -2.0 -10.0 0.0 1342
Au -4.0 -12.0 4.0 1343
Au -4.0 -10.0 6.0 1344
Au -2.0 -12.0 6.0 1345
Au -2.0 -10.0 4.0 1346
Au -4.0 -12.0 8.0 1347
Au -4.0 -10.0 10.0 1348
Au -2.0 -12.0 10.0 1349
Au -2.0 -10.0 8.0 1350
Au -4.0 -12.0 12.0 1351
Au -4.0 -10.0 14.0 1352
Au -2.0 -12.0 14.0 1353
Au -2.0 -10.0 12.0 1354
Au -4.0 -12.0 16.0 1355
Au -4.0 -10.0 18.0 1356
Au -2.0 -12.0 18.0 1357
Au -2.0 -10.0 16.0 1358
Au -4.0 -6.0 -18.0 1359
Au -2.0 -8.0 -18.0 1360
Au -4.0 -8.0 -16.0 1361
Au -4.0 -6.0 -14.0 1362
Au -2.0 -8.0 -14.0 1363
Au -2.0 -6.0 -16.0 1364
Au -4.0 -8.0 -12.0 1365
Au -4.0 -6.0 -10.0 1366
Au -2.0 -8.0 -10.0 1367
Au -2.0 -6.0 -12.0 1368
Au -4.0 -8.0 -8.0 1369
Au -4.0 -6.0 -6.0 1370
Au -2.0 -8.0 -6.0 1371
Au -2.0 -6.0 -8.0 1372
Au -4.0 -8.0 -4.0 1373
Au -4.0 -6.0 -2.0 1374
Au -2.0 -8.0 -2.0 1375
Au -2.0 -6.0 -4.0 1376
Au -4.0 -8.0 0.0 1377
Au -4.0 -6.0 2.0 1378
Au -2.0 -8.0 2.0 1379
Au -2.0 -6.0 0.0 1380
Au -4.0 -8.0 4.0 1381
Au -4.0 -6.0 6.0 1382
Au -2.0 -8.0 6.0 1383
Au -2.0 -6.0 4.0 1384
Au -4.0 -8.0 8.0 1385
Au -4.0 -6.0 10.0 1386
Au -2.0 -8.0 10.0 1387
Au -2.0 -6.0 8.0 1388
Au -4.0 -8.0 12.0 1389
Au -4.0 -6.0 14.0 1390
Au -2.0 -8.0 14.0 1391
Au -2.0 -6.0 12.0 1392
Au -4.0 -8.0 16.0 1393
Au -4.0 -6.0 18.0 1394
Au -2.0 -8.0 18.0 1395
Au -2.0 -6.0 16.0 1396
Au -4.0 -2.0 -18.0 1397
Au -2.0 -4.0 -18.0 1398
Au -4.0 -4.0 -16.0 1399
Au -4.0 -2.0 -14.0 1400
Au -2.0 -4.0 -14.0 1401
Au -2.0 -2.0 -16.0 1402
Au -4.0 -4.0 -12.0 1403
Au -4.0 -2.0 -10.0 1404
Au -2.0 -4.0 -10.0 1405
Au -2.0 -2.0 -12.0 1406
Au -4.0 -4.0 -8.0 1407
Au -4.0 -2.0 -6.0 1408
Au -2.0 -4.0 -6.0 1409
Au -2.0 -2.0 -8.0 1410
Au -4.0 -4.0 -4.0 1411
Au -4.0 -2.0 -2.0 1412
Au -2.0 -4.0 -2.0 1413
Au -2.0 -2.0 -4.0 1414
Au -4.0 -4.0 0.0 1415
Au -4.0 -2.0 2.0 1416
Au -2.0 -4.0 2.0 1417
Au -2.0 -2.0 0.0 1418
Au -4.0 -4.0 4.0 1419
Au -4.0 -2.0 6.0 1420
Au -2.0 -4.0 6.0 1421
Au -2.0 -2.0 4.0 1422
Au -4.0 -4.0 8.0 1423
Au -4.0 -2.0 10.0 1424
Au -2.0 -4.0 10.0 1425
Au -2.0 -2.0 8.0 1426
Au -4.0 -4.0 12.0 1427
Au -4.0 -2.0 14.0 1428
Au -2.0 -4.0 14.0 1429
Au -2.0 -2.0 12.0 1430
Au -4.0 -4.0 16.0 1431
Au -4.0 -2.0 18.0 1432
Au -2.0 -4.0 18.0 1433
Au -2.0 -2.0 16.0 1434
Au -4.0 2.0 -18.0 1435
Au -2.0 0.0 -18.0 1436
Au -4.0 0.0 -16.0 1437
Au -4.0 2.0 -14.0 1438
Au -2.0 0.0 -14.0 1439
Au -2.0 2.0 -16.0 1440
Au -4.0 0.0 -12.0 1441
Au -4.0 2.0 -10.0 1442
Au -2.0 0.0 -10.0 1443
Au -2.0 2.0 -12.0 1444
Au -4.0 0.0 -8.0 1445
Au -4.0 2.0 -6.0 1446
Au -2.0 0.0 -6.0 1447
Au -2.0 2.0 -8.0 1448
Au -4.0 0.0 -4.0 1449
Au -4.0 2.0 -2.0 1450
Au -2.0 0.0 -2.0 1451
Au -2.0 2.0 -4.0 1452
Au -4.0 0.0 0.0 1453
Au -4.0 2.0 2.0 1454
Au -2.0 0.0 2.0 1455
Au -2.0 2.0 0.0 1456
Au -4.0 0.0 4.0 1457
Au -4.0 2.0 6.0 1458
Au -2.0 0.0 6.0 1459
Au -2.0 2.0 4.0 1460
Au -4.0 0.0 8.0 1461
Au -4.0 2.0 10.0 1462
Au -2.0 0.0 10.0 1463
Au -2.0 2.0 8.0 1464
Au -4.0 0.0 12.0 1465
Au -4.0 2.0 14.0 1466
Au -2.0 0.0 14.0 1467
Au -2.0 2.0 12.0 1468
Au -4.0 0.0 16.0 1469
Au -4.0 2.0 18.0 1470
Au -2.0 0.0 18.0 1471
Au -2.0 2.0 16.0 1472
Au -4.0 6.0 -18.0 1473
Au -2.0 4.0 -18.0 1474
Au -4.0 4.0 -16.0 1475
Au -4.0 6.0 -14.0 1476
Au -2.0 4.0 -14.0 1477
Au -2.0 6.0 -16.0 1478
Au -4.0 4.0 -12.0 1479
Au -4.0 6.0 -10.0 1480
Au -2.0 4.0 -10.0 1481
Au -2.0 6.0 -12.0 1482
Au -4.0 4.0 -8.0 1483
Au -4.0 6.0 -6.0 1484
Au -2.0 4.0 -6.0 1485
Au -2.0 6.0 -8.0 1486
Au -4.0 4.0 -4.0 1487
Au -4.0 6.0 -2.0 1488
Au -2.0 4.0 -2.0 1489
Au -2.0 6.0 -4.0 1490
Au -4.0 4.0 0.0 1491
Au -4.0 6.0 2.0 1492
Au -2.0 4.0 2.0 1493
Au -2.0 6.0 0.0 1494
Au -4.0 4.0 4.0 1495
Au -4.0 6.0 6.0 1496
Au -2.0 4.0 6.0 1497
Au -2.0 6.0 4.0 1498
Au -4.0 4.0 8.0 1499
Au -4.0 6.0 10.0 1500
Au -2.0 4.0 10.0 1501
Au -2.0 6.0 8.0 1502
Au -4.0 4.0 12.0 1503
Au -4.0 6.0 14.0 1504
Au -2.0 4.0 14.0 1505
Au -2.0 6.0 12.0 1506
Au -4.0 4.0 16.0 1507
Au -4.0 6.0 18.0 1508
Au -2.0 4.0 18.0 1509
Au -2.0 6.0 16.0 1510
Au -4.0 10.0 -18.0 1511
Au -2.0 8.0 -18.0 1512
Au -4.0 8.0 -16.0 1513
Au -4.0 10.0 -14.0 1514
Au -2.0 8.0 -14.0 1515
Au -2.0 10.0 -16.0 1516
Au -4.0 8.0 -12.0 1517
Au -4.0 10.0 -10.0 1518
Au -2.0 8.0 -10.0 1519
Au -2.0 10.0 -12.0 1520
Au -4.0 8.0 -8.0 1521
Au -4.0 10.0 -6.0 1522
Au -2.0 8.0 -6.0 1523
Au -2.0 10.0 -8.0 1524
Au -4.0 8.0 -4.0 1525
Au -4.0 10.0 -2.0 1526
Au -2.0 8.0 -2.0 1527
Au -2.0 10.0 -4.0 1528
Au -4.0 8.0 0.0 1529
Au -4.0 10.0 2.0 1530
Au -2.0 8.0 2.0 1531
Au -2.0 10.0 0.0 1532
Au -4.0 8.0 4.0 1533
Au -4.0 10.0 6.0 1534
Au -2.0 8.0 6.0 1535
Au -2.0 10.0 4.0 1536
Au -4.0 8.0 8.0 1537
Au -4.0 10.0 10.0 1538
Au -2.0 8.0 10.0 1539
Au -2.0 10.0 8.0 1540
Au -4.0 8.0 12.0 1541
Au -4.0 10.0 14.0 1542
Au -2.0 8.0 14.0 1543
Au -2.0 10.0 12.0 1544
Au -4.0 8.0 16.0 1545
Au -4.0 10.0 18.0 1546
Au -2.0 8.0 18.0 1547
Au -2.0 10.0 16.0 1548
Au -4.0 14.0 -18.0 1549
Au -2.0 12.0 -18.0 1550
Au -4.0 12.0 -16.0 1551
Au -4.0 14.0 -14.0 1552
Au -2.0 12.0 -14.0 1553
Au -2.0 14.0 -16.0 1554
Au -4.0 12.0 -12.0 1555
Au -4.0 14.0 -10.0 1556
Au -2.0 12.0 -10.0 1557
Au -2.0 14.0 -12.0 1558
Au -4.0 12.0 -8.0 1559
Au -4.0 14.0 -6.0 1560
Au -2.0 12.0 -6.0 1561
Au -2.0 14.0 -8.0 1562
Au -4.0 12.0 -4.0 1563
Au -4.0 14.0 -2.0 1564
Au -2.0 12.0 -2.0 1565
Au -2.0 14.0 -4.0 1566
Au -4.0 12.0 0.0 1567
Au -4.0 14.0 2.0 1568
Au -2.0 12.0 2.0 1569
Au -2.0 14.0 0.0 1570
Au -4.0 12.0 4.0 1571
Au -4.0 14.0 6.0 1572
Au -2.0 12.0 6.0 1573
Au -2.0 14.0 4.0 1574
Au -4.0 12.0 8.0 1575
Au -4.0 14.0 10.0 1576
Au -2.0 12.0 10.0 1577
Au -2.0 14.0 8.0 1578
Au -4.0 12.0 12.0 1579
Au -4.0 14.0 14.0 1580
Au -2.0 12.0 14.0 1581
Au -2.0 14.0 12.0 1582
Au -4.0 12.0 16.0 1583
Au -4.0 14.0 18.0 1584
Au -2.0 12.0 18.0 1585
Au -2.0 14.0 16.0 1586
Au -4.0 18.0 -18.0 1587
Au -2.0 16.0 -18.0 1588
Au -4.0 16.0 -16.0 1589
Au -4.0 18.0 -14.0 1590
Au -2.0 16.0 -14.0 1591
Au -2.0 18.0 -16.0 1592
Au -4.0 16.0 -12.0 1593
Au -4.0 18.0 -10.0 1594
Au -2.0 16.0 -10.0 1595
Au -2.0 18.0 -12.0 1596
Au -4.0 16.0 -8.0 1597
Au -4.0 18.0 -6.0 1598
Au -2.0 16.0 -6.0 1599
Au -2.0 18.0 -8.0 1600
Au -4.0 16.0 -4.0 1601
Au -4.0 18.0 -2.0 1602
Au -2.0 16.0 -2.0 1603
Au -2.0 18.0 -4.0 1604
Au -4.0 16.0 0.0 1605
Au -4.0 18.0 2.0 1606
Au -2.0 16.0 2.0 1607
Au -2.0 18.0 0.0 1608
Au -4.0 16.0 4.0 1609
Au -4.0 18.0 6.0 1610
Au -2.0 16.0 6.0 1611
Au -2.0 18.0 4.0 1612
Au -4.0 16.0 8.0 1613
Au -4.0 18.0 10.0 1614
Au -2.0 16.0 10.0 1615
Au -2.0 18.0 8.0 1616
Au -4.0 16.0 12.0 1617
Au -4.0 18.0 14.0 1618
Au -2.0 16.0 14.0 1619
Au -2.0 18.0 12.0 1620
Au -4.0 16.0 16.0 1621
Au -4.0 18.0 18.0 1622
Au -2.0 16.0 18.0 1623
Au -2.0 18.0 16.0 1624
Au 0.0 -18.0 -18.0 1625
Au 0.0 -18.0 -14.0 1626
Au 2.0 -18.0 -16.0 1627
Au 0.0 -18.0 -10.0 1628
Au 2.0 -18.0 -12.0 1629
Au 0.0 -18.0 -6.0 1630
Au 2.0 -18.0 -8.0 1631
Au 0.0 -18.0 -2.0 1632
Au 2.0 -18.0 -4.0 1633
Au 0.0 -18.0 2.0 1634
Au 2.0 -18.0 0.0 1635
Au 0.0 -18.0 6.0 1636
Au 2.0 -18.0 4.0 1637
Au 0.0 -18.0 10.0 1638
Au 2.0 -18.0 8.0 1639
Au 0.0 -18.0 14.0 1640
Au 2.0 -18.0 12.0 1641
Au 0.0 -18.0 18.0 1642
Au 2.0 -18.0 16.0 1643
Au 0.0 -14.0 -18.0 1644
Au 2.0 -16.0 -18.0 1645
Au 0.0 -16.0 -16.0 1646
Au 0.0 -14.0 -14.0 1647
Au 2.0 -16.0 -14.0 1648
Au 2.0 -14.0 -16.0 1649
Au 0.0 -16.0 -12.0 1650
Au 0.0 -14.0 -10.0 1651
Au 2.0 -16.0 -10.0 1652
Au 2.0 -14.0 -12.0 1653
Au 0.0 -16.0 -8.0 1654
Au 0.0 -14.0 -6.0 1655
Au 2.0 -16.0 -6.0 1656
Au 2.0 -14.0 -8.0 1657
Au 0.0 -16.0 -4.0 1658
Au 0.0 -14.0 -2.0 1659
Au 2.0 -16.0 -2.0 1660
Au 2.0 -14.0 -4.0 1661
Au 0.0 -16.0 0.0 1662
Au 0.0 -14.0 2.0 1663
Au 2.0 -16.0 2.0 1664
Au 2.0 -14.0 0.0 1665
Au 0.0 -16.0 4.0 1666
Au 0.0 -14.0 6.0 1667
Au 2.0 -16.0 6.0 1668
Au 2.0 -14.0 4.0 1669
Au 0.0 -16.0 8.0 1670
Au 0.0 -14.0 10.0 1671
Au 2.0 -16.0 10.0 1672
Au 2.0 -14.0 8.0 1673
Au 0.0 -16.0 12.0 1674
Au 0.0 -14.0 14.0 1675
Au 2.0 -16.0 14.0 1676
Au 2.0 -14.0 12.0 1677
Au 0.0 -16.0 16.0 1678
Au 0.0 -14.0 18.0 1679
Au 2.0 -16.0 18.0 1680
Au 2.0 -14.0 16.0 1681
Au 0.0 -10.0 -18.0 1682
Au 2.0 -12.0 -18.0 1683
Au 0.0 -12.0 -16.0 1684
Au 0.0 -10.0 -14.0 1685
Au 2.0 -12.0 -14.0 1686
Au 2.0 -10.0 -16.0 1687
Au 0.0 -12.0 -12.0 1688
Au 0.0 -10.0 -10.0 1689
Au 2.0 -12.0 -10.0 1690
Au 2.0 -10.0 -12.0 1691
Au 0.0 -12.0 -8.0 1692
Au 0.0 -10.0 -6.0 1693
Au 2.0 -12.0 -6.0 1694
Au 2.0 -10.0 -8.0 1695
Au 0.0 -12.0 -4.0 1696
Au 0.0 -10.0 -2.0 1697
Au 2.0 -12.0 -2.0 1698
Au 2.0 -10.0 -4.0 1699
Au 0.0 -12.0 0.0 1700
Au 0.0 -10.0 2.0 1701
Au 2.0 -12.0 2.0 1702
Au 2.0 -10.0 0.0 1703
Au 0.0 -12.0 4.0 1704
Au 0.0 -10.0 6.0 1705
Au 2.0 -12.0 6.0 1706
Au 2.0 -10.0 4.0 1707
Au 0.0 -12.0 8.0 1708
Au 0.0 -10.0 10.0 1709
Au 2.0 -12.0 10.0 1710
Au 2.0 -10.0 8.0 1711
Au 0.0 -12.0 12.0 1712
Au 0.0 -10.0 14.0 1713
Au 2.0 -12.0 14.0 1714
Au 2.0 -10.0 12.0 1715
Au 0.0 -12.0 16.0 1716
Au 0.0 -10.0 18.0 1717
Au 2.0 -12.0 18.0 1718
Au 2.0 -10.0 16.0 1719
Au 0.0 -6.0 -18.0 1720
Au 2.0 -8.0 -18.0 1721
Au 0.0 -8.0 -16.0 1722
Au 0.0 -6.0 -14.0 1723
Au 2.0 -8.0 -14.0 1724
Au 2.0 -6.0 -16.0 1725
Au 0.0 -8.0 -12.0 1726
Au 0.0 -6.0 -10.0 1727
Au 2.0 -8.0 -10.0 1728
Au 2.0 -6.0 -12.0 1729
Au 0.0 -8.0 -8.0 1730
Au 0.0 -6.0 -6.0 1731
Au 2.0 -8.0 -6.0 1732
Au 2.0 -6.0 -8.0 1733
Au 0.0 -8.0 -4.0 1734
Au 0.0 -6.0 -2.0 1735
Au 2.0 -8.0 -2.0 1736
Au 2.0 -6.0 -4.0 1737
Au 0.0 -8.0 0.0 1738
Au 0.0 -6.0 2.0 1739
Au 2.0 -8.0 2.0 1740
Au 2.0 -6.0 0.0 1741
Au 0.0 -8.0 4.0 1742
Au 0.0 -6.0 6.0 1743
Au 2.0 -8.0 6.0 1744
Au 2.0 -6.0 4.0 1745
Au 0.0 -8.0 8.0 1746
Au 0.0 -6.0 10.0 1747
Au 2.0 -8.0 10.0 1748
Au 2.0 -6.0 8.0 1749
Au 0.0 -8.0 12.0 1750
Au 0.0 -6.0 14.0 1751
Au 2.0 -8.0 14.0 1752
Au 2.0 -6.0 12.0 1753
Au 0.0 -8.0 16.0 1754
Au 0.0 -6.0 18.0 1755
Au 2.0 -8.0 18.0 1756
Au 2.0 -6.0 16.0 1757
Au 0.0 -2.0 -18.0 1758
Au 2.0 -4.0 -18.0 1759
Au 0.0 -4.0 -16.0 1760
Au 0.0 -2.0 -14.0 1761
Au 2.0 -4.0 -14.0 1762
Au 2.0 -2.0 -16.0 1763
Au 0.0 -4.0 -12.0 1764
Au 0.0 -2.0 -10.0 1765
Au 2.0 -4.0 -10.0 1766
Au 2.0 -2.0 -12.0 1767
Au 0.0 -4.0 -8.0 1768
Au 0.0 -2.0 -6.0 1769
Au 2.0 -4.0 -6.0 1770
Au 2.0 -2.0 -8.0 1771
Au 0.0 -4.0 -4.0 1772
Au 0.0 -2.0 -2.0 1773
Au 2.0 -4.0 -2.0 1774
Au 2.0 -2.0 -4.0 1775
Au 0.0 -4.0 0.0 1776
Au 0.0 -2.0 2.0 1777
Au 2.0 -4.0 2.0 1778
Au 2.0 -2.0 0.0 1779
Au 0.0 -4.0 4.0 1780
Au 0.0 -2.0 6.0 1781
Au 2.0 -4.0 6.0 1782
Au 2.0 -2.0 4.0 1783
Au 0.0 -4.0 8.0 1784
Au 0.0 -2.0 10.0 1785
Au 2.0 -4.0 10.0 1786
Au 2.0 -2.0 8.0 1787
Au 0.0 -4.0 12.0 1788
Au 0.0 -2.0 14.0 1789
Au 2.0 -4.0 14.0 1790
Au 2.0 -2.0 12.0 1791
Au 0.0 -4.0 16.0 1792
Au 0.0 -2.0 18.0 1793
Au 2.0 -4.0 18.0 1794
Au 2.0 -2.0 16.0 1795
Au 0.0 2.0 -18.0 1796
Au 2.0 0.0 -18.0 1797
Au 0.0 0.0 -16.0 1798
Au 0.0 2.0 -14.0 1799
Au 2.0 0.0 -14.0 1800
Au 2.0 2.0 -16.0 1801
Au 0.0 0.0 -12.0 1802
Au 0.0 2.0 -10.0 1803
Au 2.0 0.0 -10.0 1804
Au 2.0 2.0 -12.0 1805
Au 0.0 0.0 -8.0 1806
Au 0.0 2.0 -6.0 1807
Au 2.0 0.0 -6.0 1808
Au 2.0 2.0 -8.0 1809
Au 0.0 0.0 -4.0 1810
Au 0.0 2.0 -2.0 1811
Au 2.0 0.0 -2.0 1812
Au 2.0 2.0 -4.0 1813
Au 0.0 0.0 0.0 1814
Au 0.0 2.0 2.0 1815
Au 2.0 0.0 2.0 1816
Au 2.0 2.0 0.0 1817
Au 0.0 0.0 4.0 1818
Au 0.0 2.0 6.0 1819
Au 2.0 0.0 6.0 1820
Au 2.0 2.0 4.0 1821
Au 0.0 0.0 8.0 1822
Au 0.0 2.0 10.0 1823
Au 2.0 0.0 10.0 1824
Au 2.0 2.0 8.0 1825
Au 0.0 0.0 12.0 1826
Au 0.0 2.0 14.0 1827
Au 2.0 0.0 14.0 1828
Au 2.0 2.0 12.0 1829
Au 0.0 0.0 16.0 1830
Au 0.0 2.0 18.0 1831
Au 2.0 0.0 18.0 1832
Au 2.0 2.0 16.0 1833
Au 0.0 6.0 -18.0 1834
Au 2.0 4.0 -18.0 1835
Au 0.0 4.0 -16.0 1836
Au 0.0 6.0 -14.0 1837
Au 2.0 4.0 -14.0 1838
Au 2.0 6.0 -16.0 1839
Au 0.0 4.0 -12.0 1840
Au 0.0 6.0 -10.0 1841
Au 2.0 4.0 -10.0 1842
Au 2.0 6.0 -12.0 1843
Au 0.0 4.0 -8.0 1844
Au 0.0 6.0 -6.0 1845
Au 2.0 4.0 -6.0 1846
Au 2.0 6.0 -8.0 1847
Au 0.0 4.0 -4.0 1848
Au 0.0 6.0 -2.0 1849
Au 2.0 4.0 -2.0 1850
Au 2.0 6.0 -4.0 1851
Au 0.0 4.0 0.0 1852
Au 0.0 6.0 2.0 1853
Au 2.0 4.0 2.0 1854
Au 2.0 6.0 0.0 1855
Au 0.0 4.0 4.0 1856
Au 0.0 6.0 6.0 1857
Au 2.0 4.0 6.0 1858
Au 2.0 6.0 4.0 1859
Au 0.0 4.0 8.0 1860
Au 0.0 6.0 10.0 1861
Au 2.0 4.0 10.0 1862
Au 2.0 6.0 8.0 1863
Au 0.0 4.0 12.0 1864
Au 0.0 6.0 14.0 1865
Au 2.0 4.0 14.0 1866
Au 2.0 6.0 12.0 1867
Au 0.0 4.0 16.0 1868
Au 0.0 6.0 18.0 1869
Au 2.0 4.0 18.0 1870
Au 2.0 6.0 16.0 1871
Au 0.0 10.0 -18.0 1872
Au 2.0 8.0 -18.0 1873
Au 0.0 8.0 -16.0 1874
Au 0.0 10.0 -14.0 1875
Au 2.0 8.0 -14.0 1876
Au 2.0 10.0 -16.0 1877
Au 0.0 8.0 -12.0 1878
Au 0.0 10.0 -10.0 1879
Au 2.0 8.0 -10.0 1880
Au 2.0 10.0 -12.0 1881
Au 0.0 8.0 -8.0 1882
Au 0.0 10.0 -6.0 1883
Au 2.0 8.0 -6.0 1884
Au 2.0 10.0 -8.0 1885
Au 0.0 8.0 -4.0 1886
Au 0.0 10.0 -2.0 1887
Au 2.0 8.0 -2.0 1888
Au 2.0 10.0 -4.0 1889
Au 0.0 8.0 0.0 1890
Au 0.0 10.0 2.0 1891
Au 2.0 8.0 2.0 1892
Au 2.0 10.0 0.0 1893
Au 0.0 8.0 4.0 1894
Au 0.0 10.0 6.0 1895
Au 2.0 8.0 6.0 1896
Au 2.0 10.0 4.0 1897
Au 0.0 8.0 8.0 1898
Au 0.0 10.0 10.0 1899
Au 2.0 8.0 10.0 1900
Au 2.0 10.0 8.0 1901
Au 0.0 8.0 12.0 1902
Au 0.0 10.0 14.0 1903
Au 2.0 8.0 14.0 1904
Au 2.0 10.0 12.0 1905
Au 0.0 8.0 16.0 1906
Au 0.0 10.0 18.0 1907
Au 2.0 8.0 18.0 1908
Au 2.0 10.0 16.0 1909
Au 0.0 14.0 -18.0 1910
Au 2.0 12.0 -18.0 1911
Au 0.0 12.0 -16.0 1912
Au 0.0 14.0 -14.0 1913
Au 2.0 12.0 -14.0 1914
Au 2.0 14.0 -16.0 1915
Au 0.0 12.0 -12.0 1916
Au 0.0 14.0 -10.0 1917
Au 2.0 12.0 -10.0 1918
Au 2.0 14.0 -12.0 1919
Au 0.0 12.0 -8.0 1920
Au 0.0 14.0 -6.0 1921
Au 2.0 12.0 -6.0 1922
Au 2.0 14.0 -8.0 1923
Au 0.0 12.0 -4.0 1924
Au 0.0 14.0 -2.0 1925
Au 2.0 12.0 -2.0 1926
Au 2.0 14.0 -4.0 1927
Au 0.0 12.0 0.0 1928
Au 0.0 14.0 2.0 1929
Au 2.0 12.0 2.0 1930
Au 2.0 14.0 0.0 1931
Au 0.0 12.0 4.0 1932
Au 0.0 14.0 6.0 1933
Au 2.0 12.0 6.0 1934
Au 2.0 14.0 4.0 1935
Au 0.0 12.0 8.0 1936
Au 0.0 14.0 10.0 1937
Au 2.0 12.0 10.0 1938
Au 2.0 14.0 8.0 1939
Au 0.0 12.0 12.0 1940
Au 0.0 14.0 14.0 1941
Au 2.0 12.0 14.0 1942
Au 2.0 14.0 12.0 1943
Au 0.0 12.0 16.0 1944
Au 0.0 14.0 18.0 1945
Au 2.0 12.0 18.0 1946
Au 2.0 14.0 16.0 1947
Au 0.0 18.0 -18.0 1948
Au 2.0 16.0 -18.0 1949
Au 0.0 16.0 -16.0 1950
Au 0.0 18.0 -14.0 1951
Au 2.0 16.0 -14.0 1952
Au 2.0 18.0 -16.0 1953
Au 0.0 16.0 -12.0 1954
Au 0.0 18.0 -10.0 1955
Au 2.0 16.0 -10.0 1956
Au 2.0 18.0 -12.0 1957
Au 0.0 16.0 -8.0 1958
Au 0.0 18.0 -6.0 1959
Au 2.0 16.0 -6.0 1960
Au 2.0 18.0 -8.0 1961
Au 0.0 16.0 -4.0 1962
Au 0.0 18.0 -2.0 1963
Au 2.0 16.0 -2.0 1964
Au 2.0 18.0 -4.0 1965
Au 0.0 16.0 0.0 1966
Au 0.0 18.0 2.0 1967
Au 2.0 16.0 2.0 1968
Au 2.0 18.0 0.0 1969
Au 0.0 16.0 4.0 1970
Au 0.0 18.0 6.0 1971
Au 2.0 16.0 6.0 1972
Au 2.0 18.0 4.0 1973
Au 0.0 16.0 8.0 1974
Au 0.0 18.0 10.0 1975
Au 2.0 16.0 10.0 1976
Au 2.0 18.0 8.0 1977
Au 0.0 16.0 12.0 1978
Au 0.0 18.0 14.0 1979
Au 2.0 16.0 14.0 1980
Au 2.0 18.0 12.0 1981
Au 0.0 16.0 16.0 1982
Au 0.0 18.0 18.0 1983
Au 2.0 16.0 18.0 1984
Au 2.0 18.0 16.0 1985
Au 4.0 -18.0 -18.0 1986
Au 4.0 -18.0 -14.0 1987
Au 6.0 -18.0 -16.0 1988
Au 4.0 -18.0 -10.0 1989
Au 6.0 -18.0 -12.0 1990
Au 4.0 -18.0 -6.0 1991
Au 6.0 -18.0 -8.0 1992
Au 4.0 -18.0 -2.0 1993
Au 6.0 -18.0 -4.0 1994
Au 4.0 -18.0 2.0 1995
Au 6.0 -18.0 0.0 1996
Au 4.0 -18.0 6.0 1997
Au 6.0 -18.0 4.0 1998
Au 4.0 -18.0 10.0 1999
Au 6.0 -18.0 8.0 2000
Au 4.0 -18.0 14.0 2001
Au 6.0 -18.0 12.0 2002
Au 4.0 -18.0 18.0 2003
Au 6.0 -18.0 16.0 2004
Au 4.0 -14.0 -18.0 2005
Au 6.0 -16.0 -18.0 2006
Au 4.0 -16.0 -16.0 2007
Au 4.0 -14.0 -14.0 2008
Au 6.0 -16.0 -14.0 2009
Au 6.0 -14.0 -16.0 2010
Au 4.0 -16.0 -12.0 2011
Au 4.0 -14.0 -10.0 2012
Au 6.0 -16.0 -10.0 2013
Au 6.0 -14.0 -12.0 2014
Au 4.0 -16.0 -8.0 2015
Au 4.0 -14.0 -6.0 2016
Au 6.0 -16.0 -6.0 2017
Au 6.0 -14.0 -8.0 2018
Au 4.0 -16.0 -4.0 2019
Au 4.0 -14.0 -2.0 2020
Au 6.0 -16.0 -2.0 2021
Au 6.0 -14.0 -4.0 2022
Au 4.0 -16.0 0.0 2023
Au 4.0 -14.0 2.0 2024
Au 6.0 -16.0 2.0 2025
Au 6.0 -14.0 0.0 2026
Au 4.0 -16.0 4.0 2027
Au 4.0 -14.0 6.0 2028
Au 6.0 -16.0 6.0 2029
Au 6.0 -14.0 4.0 2030
Au 4.0 -16.0 8.0 2031
Au 4.0 -14.0 10.0 2032
Au 6.0 -16.0 10.0 2033
Au 6.0 -14.0 8.0 2034
Au 4.0 -16.0 12.0 2035
Au 4.0 -14.0 14.0 2036
Au 6.0 -16.0 14.0 2037
Au 6.0 -14.0 12.0 2038
Au 4.0 -16.0 16.0 2039
Au 4.0 -14.0 18.0 2040
Au 6.0 -16.0 18.0 2041
Au 6.0 -14.0 16.0 2042
Au 4.0 -10.0 -18.0 2043
Au 6.0 -12.0 -18.0 2044
Au 4.0 -12.0 -16.0 2045
Au 4.0 -10.0 -14.0 2046
Au 6.0 -12.0 -14.0 2047
Au 6.0 -10.0 -16.0 2048
Au 4.0 -12.0 -12.0 2049
Au 4.0 -10.0 -10.0 2050
Au 6.0 -12.0 -10.0 2051
Au 6.0 -10.0 -12.0 2052
Au 4.0 -12.0 -8.0 2053
Au 4.0 -10.0 -6.0 2054
Au 6.0 -12.0 -6.0 2055
Au 6.0 -10.0 -8.0 2056
Au 4.0 -12.0 -4.0 2057
Au 4.0 -10.0 -2.0 2058
Au 6.0 -12.0 -2.0 2059
Au 6.0 -10.0 -4.0 2060
Au 4.0 -12.0 0.0 2061
Au 4.0 -10.0 2.0 2062
Au 6.0 -12.0 2.0 2063
Au 6.0 -10.0 0.0 2064
Au 4.0 -12.0 4.0 2065
Au 4.0 -10.0 6.0 2066
Au 6.0 -12.0 6.0 2067
Au 6.0 -10.0 4.0 2068
Au 4.0 -12.0 8.0 2069
Au 4.0 -10.0 10.0 2070
Au 6.0 -12.0 10.0 2071
Au 6.0 -10.0 8.0 2072
Au 4.0 -12.0 12.0 2073
Au 4.0 -10.0 14.0 2074
Au 6.0 -12.0 14.0 2075
Au 6.0 -10.0 12.0 2076
Au 4.0 -12.0 16.0 2077
Au 4.0 -10.0 18.0 2078
Au 6.0 -12.0 18.0 2079
Au 6.0 -10.0 16.0 2080
Au 4.0 -6.0 -18.0 2081
Au 6.0 -8.0 -18.0 2082
Au 4.0 -8.0 -16.0 2083
Au 4.0 -6.0 -14.0 2084
Au 6.0 -8.0 -14.0 2085
Au 6.0 -6.0 -16.0 2086
Au 4.0 -8.0 -12.0 2087
Au 4.0 -6.0 -10.0 2088
Au 6.0 -8.0 -10.0 2089
Au 6.0 -6.0 -12.0 2090
Au 4.0 -8.0 -8.0 2091
Au 4.0 -6.0 -6.0 2092
Au 6.0 -8.0 -6.0 2093
Au 6.0 -6.0 -8.0 2094
Au 4.0 -8.0 -4.0 2095
Au 4.0 -6.0 -2.0 2096
Au 6.0 -8.0 -2.0 2097
Au 6.0 -6.0 -4.0 2098
Au 4.0 -8.0 0.0 2099
Au 4.0 -6.0 2.0 2100
Au 6.0 -8.0 2.0 2101
Au 6.0 -6.0 0.0 2102
Au 4.0 -8.0 4.0 2103
Au 4.0 -6.0 6.0 2104
Au 6.0 -8.0 6.0 2105
Au 6.0 -6.0 4.0 2106
Au 4.0 -8.0 8.0 2107
Au 4.0 -6.0 10.0 2108
Au 6.0 -8.0 10.0 2109
Au 6.0 -6.0 8.0 2110
Au 4.0 -8.0 12.0 2111
Au 4.0 -6.0 14.0 2112
Au 6.0 -8.0 14.0 2113
Au 6.0 -6.0 12.0 2114
Au 4.0 -8.0 16.0 2115
Au 4.0 -6.0 18.0 2116
Au 6.0 -8.0 18.0 2117
Au 6.0 -6.0 16.0 2118
Au 4.0 -2.0 -18.0 2119
Au 6.0 -4.0 -18.0 2120
Au 4.0 -4.0 -16.0 2121
Au 4.0 -2.0 -14.0 2122
Au 6.0 -4.0 -14.0 2123
Au 6.0 -2.0 -16.0 2124
Au 4.0 -4.0 -12.0 2125
Au 4.0 -2.0 -10.0 2126
Au 6.0 -4.0 -10.0 2127
Au 6.0 -2.0 -12.0 2128
Au 4.0 -4.0 -8.0 2129
Au 4.0 -2.0 -6.0 2130
Au 6.0 -4.0 -6.0 2131
Au 6.0 -2.0 -8.0 2132
Au 4.0 -4.0 -4.0 2133
Au 4.0 -2.0 -2.0 2134
Au 6.0 -4.0 -2.0 2135
Au 6.0 -2.0 -4.0 2136
Au 4.0 -4.0 0.0 2137
Au 4.0 -2.0 2.0 2138
Au 6.0 -4.0 2.0 2139
Au 6.0 -2.0 0.0 2140
Au 4.0 -4.0 4.0 2141
Au 4.0 -2.0 6.0 2142
Au 6.0 -4.0 6.0 2143
Au 6.0 -2.0 4.0 2144
Au 4.0 -4.0 8.0 2145
Au 4.0 -2.0 10.0 2146
Au 6.0 -4.0 10.0 2147
Au 6.0 -2.0 8.0 2148
Au 4.0 -4.0 12.0 2149
Au 4.0 -2.0 14.0 2150
Au 6.0 -4.0 14.0 2151
Au 6.0 -2.0 12.0 2152
Au 4.0 -4.0 16.0 2153
Au 4.0 -2.0 18.0 2154
Au 6.0 -4.0 18.0 2155
Au 6.0 -2.0 16.0 2156
Au 4.0 2.0 -18.0 2157
Au 6.0 0.0 -18.0 2158
Au 4.0 0.0 -16.0 2159
Au 4.0 2.0 -14.0 2160
Au 6.0 0.0 -14.0 2161
Au 6.0 2.0 -16.0 2162
Au 4.0 0.0 -12.0 2163
Au 4.0 2.0 -10.0 2164
Au 6.0 0.0 -10.0 2165
Au 6.0 2.0 -12.0 2166
Au 4.0 0.0 -8.0 2167
Au 4.0 2.0 -6.0 2168
Au 6.0 0.0 -6.0 2169
Au 6.0 2.0 -8.0 2170
Au 4.0 0.0 -4.0 2171
Au 4.0 2.0 -2.0 2172
Au 6.0 0.0 -2.0 2173
Au 6.0 2.0 -4.0 2174
Au 4.0 0.0 0.0 2175
Au 4.0 2.0 2.0 2176
Au 6.0 0.0 2.0 2177
Au 6.0 2.0 0.0 2178
Au 4.0 0.0 4.0 2179
Au 4.0 2.0 6.0 2180
Au 6.0 0.0 6.0 2181
Au 6.0 2.0 4.0 2182
Au 4.0 0.0 8.0 2183
Au 4.0 2.0 10.0 2184
Au 6.0 0.0 10.0 2185
Au 6.0 2.0 8.0 2186
Au 4.0 0.0 12.0 2187
Au 4.0 2.0 14.0 2188
Au 6.0 0.0 14.0 2189
Au 6.0 2.0 12.0 2190
Au 4.0 0.0 16.0 2191
Au 4.0 2.0 18.0 2192
Au 6.0 0.0 18.0 2193
Au 6.0 2.0 16.0 2194
Au 4.0 6.0 -18.0 2195
Au 6.0 4.0 -18.0 2196
Au 4.0 4.0 -16.0 2197
Au 4.0 6.0 -14.0 2198
Au 6.0 4.0 -14.0 2199
Au 6.0 6.0 -16.0 2200
Au 4.0 4.0 -12.0 2201
Au 4.0 6.0 -10.0 2202
Au 6.0 4.0 -10.0 2203
Au 6.0 6.0 -12.0 2204
Au 4.0 4.0 -8.0 2205
Au 4.0 6.0 -6.0 2206
Au 6.0 4.0 -6.0 2207
Au 6.0 6.0 -8.0 2208
Au 4.0 4.0 -4.0 2209
Au 4.0 6.0 -2.0 2210
Au 6.0 4.0 -2.0 2211
Au 6.0 6.0 -4.0 2212
Au 4.0 4.0 0.0 2213
Au 4.0 6.0 2.0 2214
Au 6.0 4.0 2.0 2215
Au 6.0 6.0 0.0 2216
Au 4.0 4.0 4.0 2217
Au 4.0 6.0 6.0 2218
Au 6.0 4.0 6.0 2219
Au 6.0 6.0 4.0 2220
Au 4.0 4.0 8.0 2221
Au 4.0 6.0 10.0 2222
Au 6.0 4.0 10.0 2223
Au 6.0 6.0 8.0 2224
Au 4.0 4.0 12.0 2225
Au 4.0 6.0 14.0 2226
Au 6.0 4.0 14.0 2227
Au 6.0 6.0 12.0 2228
Au 4.0 4.0 16.0 2229
Au 4.0 6.0 18.0 2230
Au 6.0 4.0 18.0 2231
Au 6.0 6.0 16.0 2232
Au 4.0 10.0 -18.0 2233
Au 6.0 8.0 -18.0 2234
Au 4.0 8.0 -16.0 2235
Au 4.0 10.0 -14.0 2236
Au 6.0 8.0 -14.0 2237
Au 6.0 10.0 -16.0 2238
Au 4.0 8.0 -12.0 2239
Au 4.0 10.0 -10.0 2240
Au 6.0 8.0 -10.0 2241
Au 6.0 10.0 -12.0 2242
Au 4.0 8.0 -8.0 2243
Au 4.0 10.0 -6.0 2244
Au 6.0 8.0 -6.0 2245
Au 6.0 10.0 -8.0 2246
Au 4.0 8.0 -4.0 2247
Au 4.0 10.0 -2.0 2248
Au 6.0 8.0 -2.0 2249
Au 6.0 10.0 -4.0 2250
Au 4.0 8.0 0.0 2251
Au 4.0 10.0 2.0 2252
Au 6.0 8.0 2.0 2253
Au 6.0 10.0 0.0 2254
Au 4.0 8.0 4.0 2255
Au 4.0 10.0 6.0 2256
Au 6.0 8.0 6.0 2257
Au 6.0 10.0 4.0 2258
Au 4.0 8.0 8.0 2259
Au 4.0 10.0 10.0 2260
Au 6.0 8.0 10.0 2261
Au 6.0 10.0 8.0 2262
Au 4.0 8.0 12.0 2263
Au 4.0 10.0 14.0 2264
Au 6.0 8.0 14.0 2265
Au 6.0 10.0 12.0 2266
Au 4.0 8.0 16.0 2267
Au 4.0 10.0 18.0 2268
Au 6.0 8.0 18.0 2269
Au 6.0 10.0 16.0 2270
Au 4.0 14.0 -18.0 2271
Au 6.0 12.0 -18.0 2272
Au 4.0 12.0 -16.0 2273
Au 4.0 14.0 -14.0 2274
Au 6.0 12.0 -14.0 2275
Au 6.0 14.0 -16.0 2276
Au 4.0 12.0 -12.0 2277
Au 4.0 14.0 -10.0 2278
Au 6.0 12.0 -10.0 2279
Au 6.0 14.0 -12.0 2280
Au 4.0 12.0 -8.0 2281
Au 4.0 14.0 -6.0 2282
Au 6.0 12.0 -6.0 2283
Au 6.0 14.0 -8.0 2284
Au 4.0 12.0 -4.0 2285
Au 4.0 14.0 -2.0 2286
Au 6.0 12.0 -2.0 2287
Au 6.0 14.0 -4.0 2288
Au 4.0 12.0 0.0 2289
Au 4.0 14.0 2.0 2290
Au 6.0 12.0 2.0 2291
Au 6.0 14.0 0.0 2292
Au 4.0 12.0 4.0 2293
Au 4.0 14.0 6.0 2294
Au 6.0 12.0 6.0 2295
Au 6.0 14.0 4.0 2296
Au 4.0 12.0 8.0 2297
Au 4.0 14.0 10.0 2298
Au 6.0 12.0 10.0 2299
Au 6.0 14.0 8.0 2300
Au 4.0 12.0 12.0 2301
Au 4.0 14.0 14.0 2302
Au 6.0 12.0 14.0 2303
Au 6.0 14.0 12.0 2304
Au 4.0 12.0 16.0 2305
Au 4.0 14.0 18.0 2306
Au 6.0 12.0 18.0 2307
Au 6.0 14.0 16.0 2308
Au 4.0 18.0 -18.0 2309
Au 6.0 16.0 -18.0 2310
Au 4.0 16.0 -16.0 2311
Au 4.0 18.0 -14.0 2312
Au 6.0 16.0 -14.0 2313
Au 6.0 18.0 -16.0 2314
Au 4.0 16.0 -12.0 2315
Au 4.0 18.0 -10.0 2316
Au 6.0 16.0 -10.0 2317
Au 6.0 18.0 -12.0 2318
Au 4.0 16.0 -8.0 2319
Au 4.0 18.0 -6.0 2320
Au 6.0 16.0 -6.0 2321
Au 6.0 18.0 -8.0 2322
Au 4.0 16.0 -4.0 2323
Au 4.0 18.0 -2.0 2324
Au 6.0 16.0 -2.0 2325
Au 6.0 18.0 -4.0 2326
Au 4.0 16.0 0.0 2327
Au 4.0 18.0 2.0 2328
Au 6.0 16.0 2.0 2329
Au 6.0 18.0 0.0 2330
Au 4.0 16.0 4.0 2331
Au 4.0 18.0 6.0 2332
Au 6.0 16.0 6.0 2333
Au 6.0 18.0 4.0 2334
Au 4.0 16.0 8.0 2335
Au 4.0 18.0 10.0 2336
Au 6.0 16.0 10.0 2337
Au 6.0 18.0 8.0 2338
Au 4.0 16.0 12.0 2339
Au 4.0 18.0 14.0 2340
Au 6.0 16.0 14.0 2341
Au 6.0 18.0 12.0 2342
Au 4.0 16.0 16.0 2343
Au 4.0 18.0 18.0 2344
Au 6.0 16.0 18.0 2345
Au 6.0 18.0 16.0 2346
Au 8.0 -18.0 -18.0 2347
Au 8.0 -18.0 -14.0 2348
Au 10.0 -18.0 -16.0 2349
Au 8.0 -18.0 -10.0 2350
Au 10.0 -18.0 -12.0 2351
Au 8.0 -18.0 -6.0 2352
Au 10.0 -18.0 -8.0 2353
Au 8.0 -18.0 -2.0 2354
Au 10.0 -18.0 -4.0 2355
Au 8.0 -18.0 2.0 2356
Au 10.0 -18.0 0.0 2357
Au 8.0 -18.0 6.0 2358
Au 10.0 -18.0 4.0 2359
Au 8.0 -18.0 10.0 2360
Au 10.0 -18.0 8.0 2361
Au 8.0 -18.0 14.0 2362
Au 10.0 -18.0 12.0 2363
Au 8.0 -18.0 18.0 2364
Au 10.0 -18.0 16.0 2365
Au 8.0 -14.0 -18.0 2366
Au 10.0 -16.0 -18.0 2367
Au 8.0 -16.0 -16.0 2368
Au 8.0 -14.0 -14.0 2369
Au 10.0 -16.0 -14.0 2370
Au 10.0 -14.0 -16.0 2371
Au 8.0 -16.0 -12.0 2372
Au 8.0 -14.0 -10.0 2373
Au 10.0 -16.0 -10.0 2374
Au 10.0 -14.0 -12.0 2375
Au 8.0 -16.0 -8.0 2376
Au 8.0 -14.0 -6.0 2377
Au 10.0 -16.0 -6.0 2378
Au 10.0 -14.0 -8.0 2379
Au 8.0 -16.0 -4.0 2380
Au 8.0 -14.0 -2.0 2381
Au 10.0 -16.0 -2.0 2382
Au 10.0 -14.0 -4.0 2383
Au 8.0 -16.0 0.0 2384
Au 8.0 -14.0 2.0 2385
Au 10.0 -16.0 2.0 2386
Au 10.0 -14.0 0.0 2387
Au 8.0 -16.0 4.0 2388
Au 8.0 -14.0 6.0 2389
Au 10.0 -16.0 6.0 2390
Au 10.0 -14.0 4.0 2391
Au 8.0 -16.0 8.0 2392
Au 8.0 -14.0 10.0 2393
Au 10.0 -16.0 10.0 2394
Au 10.0 -14.0 8.0 2395
Au 8.0 -16.0 12.0 2396
Au 8.0 -14.0 14.0 2397
Au 10.0 -16.0 14.0 2398
Au 10.0 -14.0 12.0 2399
Au 8.0 -16.0 16.0 2400
Au 8.0 -14.0 18.0 2401
Au 10.0 -16.0 18.0 2402
Au 10.0 -14.0 16.0 2403
Au 8.0 -10.0 -18.0 2404
Au 10.0 -12.0 -18.0 2405
Au 8.0 -12.0 -16.0 2406
Au 8.0 -10.0 -14.0 2407
Au 10.0 -12.0 -14.0 2408
Au 10.0 -10.0 -16.0 2409
Au 8.0 -12.0 -12.0 2410
Au 8.0 -10.0 -10.0 2411
Au 10.0 -12.0 -10.0 2412
Au 10.0 -10.0 -12.0 2413
Au 8.0 -12.0 -8.0 2414
Au 8.0 -10.0 -6.0 2415
Au 10.0 -12.0 -6.0 2416
Au 10.0 -10.0 -8.0 2417
Au 8.0 -12.0 -4.0 2418
Au 8.0 -10.0 -2.0 2419
Au 10.0 -12.0 -2.0 2420
Au 10.0 -10.0 -4.0 2421
Au 8.0 -12.0 0.0 2422
Au 8.0 -10.0 2.0 2423
Au 10.0 -12.0 2.0 2424
Au 10.0 -10.0 0.0 2425
Au 8.0 -12.0 4.0 2426
Au 8.0 -10.0 6.0 2427
Au 10.0 -12.0 6.0 2428
Au 10.0 -10.0 4.0 2429
Au 8.0 -12.0 8.0 2430
Au 8.0 -10.0 10.0 2431
Au 10.0 -12.0 10.0 2432
Au 10.0 -10.0 8.0 2433
Au 8.0 -12.0 12.0 2434
Au 8.0 -10.0 14.0 2435
Au 10.0 -12.0 14.0 2436
Au 10.0 -10.0 12.0 2437
Au 8.0 -12.0 16.0 2438
Au 8.0 -10.0 18.0 2439
Au 10.0 -12.0 18.0 2440
Au 10.0 -10.0 16.0 2441
Au 8.0 -6.0 -18.0 2442
Au 10.0 -8.0 -18.0 2443
Au 8.0 -8.0 -16.0 2444
Au 8.0 -6.0 -14.0 2445
Au 10.0 -8.0 -14.0 2446
Au 10.0 -6.0 -16.0 2447
Au 8.0 -8.0 -12.0 2448
Au 8.0 -6.0 -10.0 2449
Au 10.0 -8.0 -10.0 2450
Au 10.0 -6.0 -12.0 2451
Au 8.0 -8.0 -8.0 2452
Au 8.0 -6.0 -6.0 2453
Au 10.0 -8.0 -6.0 2454
Au 10.0 -6.0 -8.0 2455
Au 8.0 -8.0 -4.0 2456
Au 8.0 -6.0 -2.0 2457
Au 10.0 -8.0 -2.0 2458
Au 10.0 -6.0 -4.0 2459
Au 8.0 -8.0 0.0 2460
Au 8.0 -6.0 2.0 2461
Au 10.0 -8.0 2.0 2462
Au 10.0 -6.0 0.0 2463
Au 8.0 -8.0 4.0 2464
Au 8.0 -6.0 6.0 2465
Au 10.0 -8.0 6.0 2466
Au 10.0 -6.0 4.0 2467
Au 8.0 -8.0 8.0 2468
Au 8.0 -6.0 10.0 2469
Au 10.0 -8.0 10.0 2470
Au 10.0 -6.0 8.0 2471
Au 8.0 -8.0 12.0 2472
Au 8.0 -6.0 14.0 2473
Au 10.0 -8.0 14.0 2474
Au 10.0 -6.0 12.0 2475
Au 8.0 -8.0 16.0 2476
Au 8.0 -6.0 18.0 2477
Au 10.0 -8.0 18.0 2478
Au 10.0 -6.0 16.0 2479
Au 8.0 -2.0 -18.0 2480
Au 10.0 -4.0 -18.0 2481
Au 8.0 -4.0 -16.0 2482
Au 8.0 -2.0 -14.0 2483
Au 10.0 -4.0 -14.0 2484
Au 10.0 -2.0 -16.0 2485
Au 8.0 -4.0 -12.0 2486
Au 8.0 -2.0 -10.0 2487
Au 10.0 -4.0 -10.0 2488
Au 10.0 -2.0 -12.0 2489
Au 8.0 -4.0 -8.0 2490
Au 8.0 -2.0 -6.0 2491
Au 10.0 -4.0 -6.0 2492
Au 10.0 -2.0 -8.0 2493
Au 8.0 -4.0 -4.0 2494
Au 8.0 -2.0 -2.0 2495
Au 10.0 -4.0 -2.0 2496
Au 10.0 -2.0 -4.0 2497
Au 8.0 -4.0 0.0 2498
Au 8.0 -2.0 2.0 2499
Au 10.0 -4.0 2.0 2500
Au 10.0 -2.0 0.0 2501
Au 8.0 -4.0 4.0 2502
Au 8.0 -2.0 6.0 2503
Au 10.0 -4.0 6.0 2504
Au 10.0 -2.0 4.0 2505
Au 8.0 -4.0 8.0 2506
Au 8.0 -2.0 10.0 2507
Au 10.0 -4.0 10.0 2508
Au 10.0 -2.0 8.0 2509
Au 8.0 -4.0 12.0 2510
Au 8.0 -2.0 14.0 2511
Au 10.0 -4.0 14.0 2512
Au 10.0 -2.0 12.0 2513
Au 8.0 -4.0 16.0 2514
Au 8.0 -2.0 18.0 2515
Au 10.0 -4.0 18.0 2516
Au 10.0 -2.0 16.0 2517
Au 8.0 2.0 -18.0 2518
Au 10.0 0.0 -18.0 2519
Au 8.0 0.0 -16.0 2520
Au 8.0 2.0 -14.0 2521
Au 10.0 0.0 -14.0 2522
Au 10.0 2.0 -16.0 2523
Au 8.0 0.0 -12.0 2524
Au 8.0 2.0 -10.0 2525
Au 10.0 0.0 -10.0 2526
Au 10.0 2.0 -12.0 2527
Au 8.0 0.0 -8.0 2528
Au 8.0 2.0 -6.0 2529
Au 10.0 0.0 -6.0 2530
Au 10.0 2.0 -8.0 2531
Au 8.0 0.0 -4.0 2532
Au 8.0 2.0 -2.0 2533
Au 10.0 0.0 -2.0 2534
Au 10.0 2.0 -4.0 2535
Au 8.0 0.0 0.0 2536
Au 8.0 2.0 2.0 2537
Au 10.0 0.0 2.0 2538
Au 10.0 2.0 0.0 2539
Au 8.0 0.0 4.0 2540
Au 8.0 2.0 6.0 2541
Au 10.0 0.0 6.0 2542
Au 10.0 2.0 4.0 2543
Au 8.0 0.0 8.0 2544
Au 8.0 2.0 10.0 2545
Au 10.0 0.0 10.0 2546
Au 10.0 2.0 8.0 2547
Au 8.0 0.0 12.0 2548
Au 8.0 2.0 14.0 2549
Au 10.0 0.0 14.0 2550
Au 10.0 2.0 12.0 2551
Au 8.0 0.0 16.0 2552
Au 8.0 2.0 18.0 2553
Au 10.0 0.0 18.0 2554
Au 10.0 2.0 16.0 2555
Au 8.0 6.0 -18.0 2556
Au 10.0 4.0 -18.0 2557
Au 8.0 4.0 -16.0 2558
Au 8.0 6.0 -14.0 2559
Au 10.0 4.0 -14.0 2560
Au 10.0 6.0 -16.0 2561
Au 8.0 4.0 -12.0 2562
Au 8.0 6.0 -10.0 2563
Au 10.0 4.0 -10.0 2564
Au 10.0 6.0 -12.0 2565
Au 8.0 4.0 -8.0 2566
Au 8.0 6.0 -6.0 2567
Au 10.0 4.0 -6.0 2568
Au 10.0 6.0 -8.0 2569
Au 8.0 4.0 -4.0 2570
Au 8.0 6.0 -2.0 2571
Au 10.0 4.0 -2.0 2572
Au 10.0 6.0 -4.0 2573
Au 8.0 4.0 0.0 2574
Au 8.0 6.0 2.0 2575
Au 10.0 4.0 2.0 2576
Au 10.0 6.0 0.0 2577
Au 8.0 4.0 4.0 2578
Au 8.0 6.0 6.0 2579
Au 10.0 4.0 6.0 2580
Au 10.0 6.0 4.0 2581
Au 8.0 4.0 8.0 2582
Au 8.0 6.0 10.0 2583
Au 10.0 4.0 10.0 2584
Au 10.0 6.0 8.0 2585
Au 8.0 4.0 12.0 2586
Au 8.0 6.0 14.0 2587
Au 10.0 4.0 14.0 2588
Au 10.0 6.0 12.0 2589
Au 8.0 4.0 16.0 2590
Au 8.0 6.0 18.0 2591
Au 10.0 4.0 18.0 2592
Au 10.0 6.0 16.0 2593
Au 8.0 10.0 -18.0 2594
Au 10.0 8.0 -18.0 2595
Au 8.0 8.0 -16.0 2596
Au 8.0 10.0 -14.0 2597
Au 10.0 8.0 -14.0 2598
Au 10.0 10.0 -16.0 2599
Au 8.0 8.0 -12.0 2600
Au 8.0 10.0 -10.0 2601
Au 10.0 8.0 -10.0 2602
Au 10.0 10.0 -12.0 2603
Au 8.0 8.0 -8.0 2604
Au 8.0 10.0 -6.0 2605
Au 10.0 8.0 -6.0 2606
Au 10.0 10.0 -8.0 2607
Au 8.0 8.0 -4.0 2608
Au 8.0 10.0 -2.0 2609
Au 10.0 8.0 -2.0 2610
Au 10.0 10.0 -4.0 2611
Au 8.0 8.0 0.0 2612
Au 8.0 10.0 2.0 2613
Au 10.0 8.0 2.0 2614
Au 10.0 10.0 0.0 2615
Au 8.0 8.0 4.0 2616
Au 8.0 10.0 6.0 2617
Au 10.0 8.0 6.0 2618
Au 10.0 10.0 4.0 2619
Au 8.0 8.0 8.0 2620
Au 8.0 10.0 10.0 2621
Au 10.0 8.0 10.0 2622
Au 10.0 10.0 8.0 2623
Au 8.0 8.0 12.0 2624
Au 8.0 10.0 14.0 2625
Au 10.0 8.0 14.0 2626
Au 10.0 10.0 12.0 2627
Au 8.0 8.0 16.0 2628
Au 8.0 10.0 18.0 2629
Au 10.0 8.0 18.0 2630
Au 10.0 10.0 16.0 2631
Au 8.0 14.0 -18.0 2632
Au 10.0 12.0 -18.0 2633
Au 8.0 12.0 -16.0 2634
Au 8.0 14.0 -14.0 2635
Au 10.0 12.0 -14.0 2636
Au 10.0 14.0 -16.0 2637
Au 8.0 12.0 -12.0 2638
Au 8.0 14.0 -10.0 2639
Au 10.0 12.0 -10.0 2640
Au 10.0 14.0 -12.0 2641
Au 8.0 12.0 -8.0 2642
Au 8.0 14.0 -6.0 2643
Au 10.0 12.0 -6.0 2644
Au 10.0 14.0 -8.0 2645
Au 8.0 12.0 -4.0 2646
Au 8.0 14.0 -2.0 2647
Au 10.0 12.0 -2.0 2648
Au 10.0 14.0 -4.0 2649
Au 8.0 12.0 0.0 2650
Au 8.0 14.0 2.0 2651
Au 10.0 12.0 2.0 2652
Au 10.0 14.0 0.0 2653
Au 8.0 12.0 4.0 2654
Au 8.0 14.0 6.0 2655
Au 10.0 12.0 6.0 2656
Au 10.0 14.0 4.0 2657
Au 8.0 12.0 8.0 2658
Au 8.0 14.0 10.0 2659
Au 10.0 12.0 10.0 2660
Au 10.0 14.0 8.0 2661
Au 8.0 12.0 12.0 2662
Au 8.0 14.0 14.0 2663
Au 10.0 12.0 14.0 2664
Au 10.0 14.0 12.0 2665
Au 8.0 12.0 16.0 2666
Au 8.0 14.0 18.0 2667
Au 10.0 12.0 18.0 2668
Au 10.0 14.0 16.0 2669
Au 8.0 18.0 -18.0 2670
Au 10.0 16.0 -18.0 2671
Au 8.0 16.0 -16.0 2672
Au 8.0 18.0 -14.0 2673
Au 10.0 16.0 -14.0 2674
Au 10.0 18.0 -16.0 2675
Au 8.0 16.0 -12.0 2676
Au 8.0 18.0 -10.0 2677
Au 10.0 16.0 -10.0 2678
Au 10.0 18.0 -12.0 2679
Au 8.0 16.0 -8.0 2680
Au 8.0 18.0 -6.0 2681
Au 10.0 16.0 -6.0 2682
Au 10.0 18.0 -8.0 2683
Au 8.0 16.0 -4.0 2684
Au 8.0 18.0 -2.0 2685
Au 10.0 16.0 -2.0 2686
Au 10.0 18.0 -4.0 2687
Au 8.0 16.0 0.0 2688
Au 8.0 18.0 2.0 2689
Au 10.0 16.0 2.0 2690
Au 10.0 18.0 0.0 2691
Au 8.0 16.0 4.0 2692
Au 8.0 18.0 6.0 2693
Au 10.0 16.0 6.0 2694
Au 10.0 18.0 4.0 2695
Au 8.0 16.0 8.0 2696
Au 8.0 18.0 10.0 2697
Au 10.0 16.0 10.0 2698
Au 10.0 18.0 8.0 2699
Au 8.0 16.0 12.0 2700
Au 8.0 18.0 14.0 2701
Au 10.0 16.0 14.0 2702
Au 10.0 18.0 12.0 2703
Au 8.0 16.0 16.0 2704
Au 8.0 18.0 18.0 2705
Au 10.0 16.0 18.0 2706
Au 10.0 18.0 16.0 2707
Au 12.0 -18.0 -18.0 2708
Au 12.0 -18.0 -14.0 2709
Au 14.0 -18.0 -16.0 2710
Au 12.0 -18.0 -10.0 2711
Au 14.0 -18.0 -12.0 2712
Au 12.0 -18.0 -6.0 2713
Au 14.0 -18.0 -8.0 2714
Au 12.0 -18.0 -2.0 2715
Au 14.0 -18.0 -4.0 2716
Au 12.0 -18.0 2.0 2717
Au 14.0 -18.0 0.0 2718
Au 12.0 -18.0 6.0 2719
Au 14.0 -18.0 4.0 2720
Au 12.0 -18.0 10.0 2721
Au 14.0 -18.0 8.0 2722
Au 12.0 -18.0 14.0 2723
Au 14.0 -18.0 12.0 2724
Au 12.0 -18.0 18.0 2725
Au 14.0 -18.0 16.0 2726
Au 12.0 -14.0 -18.0 2727
Au 14.0 -16.0 -18.0 2728
Au 12.0 -16.0 -16.0 2729
Au 12.0 -14.0 -14.0 2730
Au 14.0 -16.0 -14.0 2731
Au 14.0 -14.0 -16.0 2732
Au 12.0 -16.0 -12.0 2733
Au 12.0 -14.0 -10.0 2734
Au 14.0 -16.0 -10.0 2735
Au 14.0 -14.0 -12.0 2736
Au 12.0 -16.0 -8.0 2737
Au 12.0 -14.0 -6.0 2738
Au 14.0 -16.0 -6.0 2739
Au 14.0 -14.0 -8.0 2740
Au 12.0 -16.0 -4.0 2741
Au 12.0 -14.0 -2.0 2742
Au 14.0 -16.0 -2.0 2743
Au 14.0 -14.0 -4.0 2744
Au 12.0 -16.0 0.0 2745
Au 12.0 -14.0 2.0 2746
Au 14.0 -16.0 2.0 2747
Au 14.0 -14.0 0.0 2748
Au 12.0 -16.0 4.0 2749
Au 12.0 -14.0 6.0 2750
Au 14.0 -16.0 6.0 2751
Au 14.0 -14.0 4.0 2752
Au 12.0 -16.0 8.0 2753
Au 12.0 -14.0 10.0 2754
Au 14.0 -16.0 10.0 2755
Au 14.0 -14.0 8.0 2756
Au 12.0 -16.0 12.0 2757
Au 12.0 -14.0 14.0 2758
Au 14.0 -16.0 14.0 2759
Au 14.0 -14.0 12.0 2760
Au 12.0 -16.0 16.0 2761
Au 12.0 -14.0 18.0 2762
Au 14.0 -16.0 18.0 2763
Au 14.0 -14.0 16.0 2764
Au 12.0 -10.0 -18.0 2765
Au 14.0 -12.0 -18.0 2766
Au 12.0 -12.0 -16.0 2767
Au 12.0 -10.0 -14.0 2768
Au 14.0 -12.0 -14.0 2769
Au 14.0 -10.0 -16.0 2770
Au 12.0 -12.0 -12.0 2771
Au 12.0 -10.0 -10.0 2772
Au 14.0 -12.0 -10.0 2773
Au 14.0 -10.0 -12.0 2774
Au 12.0 -12.0 -8.0 2775
Au 12.0 -10.0 -6.0 2776
Au 14.0 -12.0 -6.0 2777
Au 14.0 -10.0 -8.0 2778
Au 12.0 -12.0 -4.0 2779
Au 12.0 -10.0 -2.0 2780
Au 14.0 -12.0 -2.0 2781
Au 14.0 -10.0 -4.0 2782
Au 12.0 -12.0 0.0 2783
Au 12.0 -10.0 2.0 2784
Au 14.0 -12.0 2.0 2785
Au 14.0 -10.0 0.0 2786
Au 12.0 -12.0 4.0 2787
Au 12.0 -10.0 6.0 2788
Au 14.0 -12.0 6.0 2789
Au 14.0 -10.0 4.0 2790
Au 12.0 -12.0 8.0 2791
Au 12.0 -10.0 10.0 2792
Au 14.0 -12.0 10.0 2793
Au 14.0 -10.0 8.0 2794
Au 12.0 -12.0 12.0 2795
Au 12.0 -10.0 14.0 2796
Au 14.0 -12.0 14.0 2797
Au 14.0 -10.0 12.0 2798
Au 12.0 -12.0 16.0 2799
Au 12.0 -10.0 18.0 2800
Au 14.0 -12.0 18.0 2801
Au 14.0 -10.0 16.0 2802
Au 12.0 -6.0 -18.0 2803
Au 14.0 -8.0 -18.0 2804
Au 12.0 -8.0 -16.0 2805
Au 12.0 -6.0 -14.0 2806
Au 14.0 -8.0 -14.0 2807
Au 14.0 -6.0 -16.0 2808
Au 12.0 -8.0 -12.0 2809
Au 12.0 -6.0 -10.0 2810
Au 14.0 -8.0 -10.0 2811
Au 14.0 -6.0 -12.0 2812
Au 12.0 -8.0 -8.0 2813
Au 12.0 -6.0 -6.0 2814
Au 14.0 -8.0 -6.0 2815
Au 14.0 -6.0 -8.0 2816
Au 12.0 -8.0 -4.0 2817
Au 12.0 -6.0 -2.0 2818
Au 14.0 -8.0 -2.0 2819
Au 14.0 -6.0 -4.0 2820
Au 12.0 -8.0 0.0 2821
Au 12.0 -6.0 2.0 2822
Au 14.0 -8.0 2.0 2823
Au 14.0 -6.0 0.0 2824
Au 12.0 -8.0 4.0 2825
Au 12.0 -6.0 6.0 2826
Au 14.0 -8.0 6.0 2827
Au 14.0 -6.0 4.0 2828
Au 12.0 -8.0 8.0 2829
Au 12.0 -6.0 10.0 2830
Au 14.0 -8.0 10.0 2831
Au 14.0 -6.0 8.0 2832
Au 12.0 -8.0 12.0 2833
Au 12.0 -6.0 14.0 2834
Au 14.0 -8.0 14.0 2835
Au 14.0 -6.0 12.0 2836
Au 12.0 -8.0 16.0 2837
Au 12.0 -6.0 18.0 2838
Au 14.0 -8.0 18.0 2839
Au 14.0 -6.0 16.0 2840
Au 12.0 -2.0 -18.0 2841
Au 14.0 -4.0 -18.0 2842
Au 12.0 -4.0 -16.0 2843
Au 12.0 -2.0 -14.0 2844
Au 14.0 -4.0 -14.0 2845
Au 14.0 -2.0 -16.0 2846
Au 12.0 -4.0 -12.0 2847
Au 12.0 -2.0 -10.0 2848
Au 14.0 -4.0 -10.0 2849
Au 14.0 -2.0 -12.0 2850
Au 12.0 -4.0 -8.0 2851
Au 12.0 -2.0 -6.0 2852
Au 14.0 -4.0 -6.0 2853
Au 14.0 -2.0 -8.0 2854
Au 12.0 -4.0 -4.0 2855
Au 12.0 -2.0 -2.0 2856
Au 14.0 -4.0 -2.0 2857
Au 14.0 -2.0 -4.0 2858
Au 12.0 -4.0 0.0 2859
Au 12.0 -2.0 2.0 2860
Au 14.0 -4.0 2.0 2861
Au 14.0 -2.0 0.0 2862
Au 12.0 -4.0 4.0 2863
Au 12.0 -2.0 6.0 2864
Au 14.0 -4.0 6.0 2865
Au 14.0 -2.0 4.0 2866
Au 12.0 -4.0 8.0 2867
Au 12.0 -2.0 10.0 2868
Au 14.0 -4.0 10.0 2869
Au 14.0 -2.0 8.0 2870
Au 12.0 -4.0 12.0 2871
Au 12.0 -2.0 14.0 2872
Au 14.0 -4.0 14.0 2873
Au 14.0 -2.0 12.0 2874
Au 12.0 -4.0 16.0 2875
Au 12.0 -2.0 18.0 2876
Au 14.0 -4.0 18.0 2877
Au 14.0 -2.0 16.0 2878
Au 12.0 2.0 -18.0 2879
Au 14.0 0.0 -18.0 2880
Au 12.0 0.0 -16.0 2881
Au 12.0 2.0 -14.0 2882
Au 14.0 0.0 -14.0 2883
Au 14.0 2.0 -16.0 2884
Au 12.0 0.0 -12.0 2885
Au 12.0 2.0 -10.0 2886
Au 14.0 0.0 -10.0 2887
Au 14.0 2.0 -12.0 2888
Au 12.0 0.0 -8.0 2889
Au 12.0 2.0 -6.0 2890
Au 14.0 0.0 -6.0 2891
Au 14.0 2.0 -8.0 2892
Au 12.0 0.0 -4.0 2893
Au 12.0 2.0 -2.0 2894
Au 14.0 0.0 -2.0 2895
Au 14.0 2.0 -4.0 2896
Au 12.0 0.0 0.0 2897
Au 12.0 2.0 2.0 2898
Au 14.0 0.0 2.0 2899
Au 14.0 2.0 0.0 2900
Au 12.0 0.0 4.0 2901
Au 12.0 2.0 6.0 2902
Au 14.0 0.0 6.0 2903
Au 14.0 2.0 4.0 2904
Au 12.0 0.0 8.0 2905
Au 12.0 2.0 10.0 2906
Au 14.0 0.0 10.0 2907
Au 14.0 2.0 8.0 2908
Au 12.0 0.0 12.0 2909
Au 12.0 2.0 14.0 2910
Au 14.0 0.0 14.0 2911
Au 14.0 2.0 12.0 2912
Au 12.0 0.0 16.0 2913
Au 12.0 2.0 18.0 2914
Au 14.0 0.0 18.0 2915
Au 14.0 2.0 16.0 2916
Au 12.0 6.0 -18.0 2917
Au 14.0 4.0 -18.0 2918
Au 12.0 4.0 -16.0 2919
Au 12.0 6.0 -14.0 2920
Au 14.0 4.0 -14.0 2921
Au 14.0 6.0 -16.0 2922
Au 12.0 4.0 -12.0 2923
Au 12.0 6.0 -10.0 2924
Au 14.0 4.0 -10.0 2925
Au 14.0 6.0 -12.0 2926
Au 12.0 4.0 -8.0 2927
Au 12.0 6.0 -6.0 2928
Au 14.0 4.0 -6.0 2929
Au 14.0 6.0 -8.0 2930
Au 12.0 4.0 -4.0 2931
Au 12.0 6.0 -2.0 2932
Au 14.0 4.0 -2.0 2933
Au 14.0 6.0 -4.0 2934
Au 12.0 4.0 0.0 2935
Au 12.0 6.0 2.0 2936
Au 14.0 4.0 2.0 2937
Au 14.0 6.0 0.0 2938
Au 12.0 4.0 4.0 2939
Au 12.0 6.0 6.0 2940
Au 14.0 4.0 6.0 2941
Au 14.0 6.0 4.0 2942
Au 12.0 4.0 8.0 2943
Au 12.0 6.0 10.0 2944
Au 14.0 4.0 10.0 2945
Au 14.0 6.0 8.0 2946
Au 12.0 4.0 12.0 2947
Au 12.0 6.0 14.0 2948
Au 14.0 4.0 14.0 2949
Au 14.0 6.0 12.0 2950
Au 12.0 4.0 16.0 2951
Au 12.0 6.0 18.0 2952
Au 14.0 4.0 18.0 2953
Au 14.0 6.0 16.0 2954
Au 12.0 10.0 -18.0 2955
Au 14.0 8.0 -18.0 2956
Au 12.0 8.0 -16.0 2957
Au 12.0 10.0 -14.0 2958
Au 14.0 8.0 -14.0 2959
Au 14.0 10.0 -16.0 2960
Au 12.0 8.0 -12.0 2961
Au 12.0 10.0 -10.0 2962
Au 14.0 8.0 -10.0 2963
Au 14.0 10.0 -12.0 2964
Au 12.0 8.0 -8.0 2965
Au 12.0 10.0 -6.0 2966
Au 14.0 8.0 -6.0 2967
Au 14.0 10.0 -8.0 2968
Au 12.0 8.0 -4.0 2969
Au 12.0 10.0 -2.0 2970
Au 14.0 8.0 -2.0 2971
Au 14.0 10.0 -4.0 2972
Au 12.0 8.0 0.0 2973
Au 12.0 10.0 2.0 2974
Au 14.0 8.0 2.0 2975
Au 14.0 10.0 0.0 2976
Au 12.0 8.0 4.0 2977
Au 12.0 10.0 6.0 2978
Au 14.0 8.0 6.0 2979
Au 14.0 10.0 4.0 2980
Au 12.0 8.0 8.0 2981
Au 12.0 10.0 10.0 2982
Au 14.0 8.0 10.0 2983
Au 14.0 10.0 8.0 2984
Au 12.0 8.0 12.0 2985
Au 12.0 10.0 14.0 2986
Au 14.0 8.0 14.0 2987
Au 14.0 10.0 12.0 2988
Au 12.0 8.0 16.0 2989
Au 12.0 10.0 18.0 2990
Au 14.0 8.0 18.0 2991
Au 14.0 10.0 16.0 2992
Au 12.0 14.0 -18.0 2993
Au 14.0 12.0 -18.0 2994
Au 12.0 12.0 -16.0 2995
Au 12.0 14.0 -14.0 2996
Au 14.0 12.0 -14.0 2997
Au 14.0 14.0 -16.0 2998
Au 12.0 12.0 -12.0 2999
Au 12.0 14.0 -10.0 3000
Au 14.0 12.0 -10.0 3001
Au 14.0 14.0 -12.0 3002
Au 12.0 12.0 -8.0 3003
Au 12.0 14.0 -6.0 3004
Au 14.0 12.0 -6.0 3005
Au 14.0 14.0 -8.0 3006
Au 12.0 12.0 -4.0 3007
Au 12.0 14.0 -2.0 3008
Au 14.0 12.0 -2.0 3009
Au 14.0 14.0 -4.0 3010
Au 12.0 12.0 0.0 3011
Au 12.0 14.0 2.0 3012
Au 14.0 12.0 2.0 3013
Au 14.0 14.0 0.0 3014
Au 12.0 12.0 4.0 3015
Au 12.0 14.0 6.0 3016
Au 14.0 12.0 6.0 3017
Au 14.0 14.0 4.0 3018
Au 12.0 12.0 8.0 3019
Au 12.0 14.0 10.0 3020
Au 14.0 12.0 10.0 3021
Au 14.0 14.0 8.0 3022
Au 12.0 12.0 12.0 3023
Au 12.0 14.0 14.0 3024
Au 14.0 12.0 14.0 3025
Au 14.0 14.0 12.0 3026
Au 12.0 12.0 16.0 3027
Au 12.0 14.0 18.0 3028
Au 14.0 12.0 18.0 3029
Au 14.0 14.0 16.0 3030
Au 12.0 18.0 -18.0 3031
Au 14.0 16.0 -18.0 3032
Au 12.0 16.0 -16.0 3033
Au 12.0 18.0 -14.0 3034
Au 14.0 16.0 -14.0 3035
Au 14.0 18.0 -16.0 3036
Au 12.0 16.0 -12.0 3037
Au 12.0 18.0 -10.0 3038
Au 14.0 16.0 -10.0 3039
Au 14.0 18.0 -12.0 3040
Au 12.0 16.0 -8.0 3041
Au 12.0 18.0 -6.0 3042
Au 14.0 16.0 -6.0 3043
Au 14.0 18.0 -8.0 3044
Au 12.0 16.0 -4.0 3045
Au 12.0 18.0 -2.0 3046
Au 14.0 16.0 -2.0 3047
Au 14.0 18.0 -4.0 3048
Au 12.0 16.0 0.0 3049
Au 12.0 18.0 2.0 3050
Au 14.0 16.0 2.0 3051
Au 14.0 18.0 0.0 3052
Au 12.0 16.0 4.0 3053
Au 12.0 18.0 6.0 3054
Au 14.0 16.0 6.0 3055
Au 14.0 18.0 4.0 3056
Au 12.0 16.0 8.0 3057
Au 12.0 18.0 10.0 3058
Au 14.0 16.0 10.0 3059
Au 14.0 18.0 8.0 3060
Au 12.0 16.0 12.0 3061
Au 12.0 18.0 14.0 3062
Au 14.0 16.0 14.0 3063
Au 14.0 18.0 12.0 3064
Au 12.0 16.0 16.0 3065
Au 12.0 18.0 18.0 3066
Au 14.0 16.0 18.0 3067
Au 14.0 18.0 16.0 3068
Au 16.0 -18.0 -18.0 3069
Au 16.0 -18.0 -14.0 3070
Au 18.0 -18.0 -16.0 3071
Au 16.0 -18.0 -10.0 3072
Au 18.0 -18.0 -12.0 3073
Au 16.0 -18.0 -6.0 3074
Au 18.0 -18.0 -8.0 3075
Au 16.0 -18.0 -2.0 3076
Au 18.0 -18.0 -4.0 3077
Au 16.0 -18.0 2.0 3078
Au 18.0 -18.0 0.0 3079
Au 16.0 -18.0 6.0 3080
Au 18.0 -18.0 4.0 3081
Au 16.0 -18.0 10.0 3082
Au 18.0 -18.0 8.0 3083
Au 16.0 -18.0 14.0 3084
Au 18.0 -18.0 12.0 3085
Au 16.0 -18.0 18.0 3086
Au 18.0 -18.0 16.0 3087
Au 16.0 -14.0 -18.0 3088
Au 18.0 -16.0 -18.0 3089
Au 16.0 -16.0 -16.0 3090
Au 16.0 -14.0 -14.0 3091
Au 18.0 -16.0 -14.0 3092
Au 18.0 -14.0 -16.0 3093
Au 16.0 -16.0 -12.0 3094
Au 16.0 -14.0 -10.0 3095
Au 18.0 -16.0 -10.0 3096
Au 18.0 -14.0 -12.0 3097
Au 16.0 -16.0 -8.0 3098
Au 16.0 -14.0 -6.0 3099
Au 18.0 -16.0 -6.0 3100
Au 18.0 -14.0 -8.0 3101
Au 16.0 -16.0 -4.0 3102
Au 16.0 -14.0 -2.0 3103
Au 18.0 -16.0 -2.0 3104
Au 18.0 -14.0 -4.0 3105
Au 16.0 -16.0 0.0 3106
Au 16.0 -14.0 2.0 3107
Au 18.0 -16.0 2.0 3108
Au 18.0 -14.0 0.0 3109
Au 16.0 -16.0 4.0 3110
Au 16.0 -14.0 6.0 3111
Au 18.0 -16.0 6.0 3112
Au 18.0 -14.0 4.0 3113
Au 16.0 -16.0 8.0 3114
Au 16.0 -14.0 10.0 3115
Au 18.0 -16.0 10.0 3116
Au 18.0 -14.0 8.0 3117
Au 16.0 -16.0 12.0 3118
Au 16.0 -14.0 14.0 3119
Au 18.0 -16.0 14.0 3120
Au 18.0 -14.0 12.0 3121
Au 16.0 -16.0 16.0 3122
Au 16.0 -14.0 18.0 3123
Au 18.0 -16.0 18.0 3124
Au 18.0 -14.0 16.0 3125
Au 16.0 -10.0 -18.0 3126
Au 18.0 -12.0 -18.0 3127
Au 16.0 -12.0 -16.0 3128
Au 16.0 -10.0 -14.0 3129
Au 18.0 -12.0 -14.0 3130
Au 18.0 -10.0 -16.0 3131
Au 16.0 -12.0 -12.0 3132
Au 16.0 -10.0 -10.0 3133
Au 18.0 -12.0 -10.0 3134
Au 18.0 -10.0 -12.0 3135
Au 16.0 -12.0 -8.0 3136
Au 16.0 -10.0 -6.0 3137
Au 18.0 -12.0 -6.0 3138
Au 18.0 -10.0 -8.0 3139
Au 16.0 -12.0 -4.0 3140
Au 16.0 -10.0 -2.0 3141
Au 18.0 -12.0 -2.0 3142
Au 18.0 -10.0 -4.0 3143
Au 16.0 -12.0 0.0 3144
Au 16.0 -10.0 2.0 3145
Au 18.0 -12.0 2.0 3146
Au 18.0 -10.0 0.0 3147
Au 16.0 -12.0 4.0 3148
Au 16.0 -10.0 6.0 3149
Au 18.0 -12.0 6.0 3150
Au 18.0 -10.0 4.0 3151
Au 16.0 -12.0 8.0 3152
Au 16.0 -10.0 10.0 3153
Au 18.0 -12.0 10.0 3154
Au 18.0 -10.0 8.0 3155
Au 16.0 -12.0 12.0 3156
Au 16.0 -10.0 14.0 3157
Au 18.0 -12.0 14.0 3158
Au 18.0 -10.0 12.0 3159
Au 16.0 -12.0 16.0 3160
Au 16.0 -10.0 18.0 3161
Au 18.0 -12.0 18.0 3162
Au 18.0 -10.0 16.0 3163
Au 16.0 -6.0 -18.0 3164
Au 18.0 -8.0 -18.0 3165
Au 16.0 -8.0 -16.0 3166
Au 16.0 -6.0 -14.0 3167
Au 18.0 -8.0 -14.0 3168
Au 18.0 -6.0 -16.0 3169
Au 16.0 -8.0 -12.0 3170
Au 16.0 -6.0 -10.0 3171
Au 18.0 -8.0 -10.0 3172
Au 18.0 -6.0 -12.0 3173
Au 16.0 -8.0 -8.0 3174
Au 16.0 -6.0 -6.0 3175
Au 18.0 -8.0 -6.0 3176
Au 18.0 -6.0 -8.0 3177
Au 16.0 -8.0 -4.0 3178
Au 16.0 -6.0 -2.0 3179
Au 18.0 -8.0 -2.0 3180
Au 18.0 -6.0 -4.0 3181
Au 16.0 -8.0 0.0 3182
Au 16.0 -6.0 2.0 3183
Au 18.0 -8.0 2.0 3184
Au 18.0 -6.0 0.0 3185
Au 16.0 -8.0 4.0 3186
Au 16.0 -6.0 6.0 3187
Au 18.0 -8.0 6.0 3188
Au 18.0 -6.0 4.0 3189
Au 16.0 -8.0 8.0 3190
Au 16.0 -6.0 10.0 3191
Au 18.0 -8.0 10.0 3192
Au 18.0 -6.0 8.0 3193
Au 16.0 -8.0 12.0 3194
Au 16.0 -6.0 14.0 3195
Au 18.0 -8.0 14.0 3196
Au 18.0 -6.0 12.0 3197
Au 16.0 -8.0 16.0 3198
Au 16.0 -6.0 18.0 3199
Au 18.0 -8.0 18.0 3200
Au 18.0 -6.0 16.0 3201
Au 16.0 -2.0 -18.0 3202
Au 18.0 -4.0 -18.0 3203
Au 16.0 -4.0 -16.0 3204
Au 16.0 -2.0 -14.0 3205
Au 18.0 -4.0 -14.0 3206
Au 18.0 -2.0 -16.0 3207
Au 16.0 -4.0 -12.0 3208
Au 16.0 -2.0 -10.0 3209
Au 18.0 -4.0 -10.0 3210
Au 18.0 -2.0 -12.0 3211
Au 16.0 -4.0 -8.0 3212
Au 16.0 -2.0 -6.0 3213
Au 18.0 -4.0 -6.0 3214
Au 18.0 -2.0 -8.0 3215
Au 16.0 -4.0 -4.0 3216
Au 16.0 -2.0 -2.0 3217
Au 18.0 -4.0 -2.0 3218
Au 18.0 -2.0 -4.0 3219
Au 16.0 -4.0 0.0 3220
Au 16.0 -2.0 2.0 3221
Au 18.0 -4.0 2.0 3222
Au 18.0 -2.0 0.0 3223
Au 16.0 -4.0 4.0 3224
Au 16.0 -2.0 6.0 3225
Au 18.0 -4.0 6.0 3226
Au 18.0 -2.0 4.0 3227
Au 16.0 -4.0 8.0 3228
Au 16.0 -2.0 10.0 3229
Au 18.0 -4.0 10.0 3230
Au 18.0 -2.0 8.0 3231
Au 16.0 -4.0 12.0 3232
Au 16.0 -2.0 14.0 3233
Au 18.0 -4.0 14.0 3234
Au 18.0 -2.0 12.0 3235
Au 16.0 -4.0 16.0 3236
Au 16.0 -2.0 18.0 3237
Au 18.0 -4.0 18.0 3238
Au 18.0 -2.0 16.0 3239
Au 16.0 2.0 -18.0 3240
Au 18.0 0.0 -18.0 3241
Au 16.0 0.0 -16.0 3242
Au 16.0 2.0 -14.0 3243
Au 18.0 0.0 -14.0 3244
Au 18.0 2.0 -16.0 3245
Au 16.0 0.0 -12.0 3246
Au 16.0 2.0 -10.0 3247
Au 18.0 0.0 -10.0 3248
Au 18.0 2.0 -12.0 3249
Au 16.0 0.0 -8.0 3250
Au 16.0 2.0 -6.0 3251
Au 18.0 0.0 -6.0 3252
Au 18.0 2.0 -8.0 3253
Au 16.0 0.0 -4.0 3254
Au 16.0 2.0 -2.0 3255
Au 18.0 0.0 -2.0 3256
Au 18.0 2.0 -4.0 3257
Au 16.0 0.0 0.0 3258
Au 16.0 2.0 2.0 3259
Au 18.0 0.0 2.0 3260
Au 18.0 2.0 0.0 3261
Au 16.0 0.0 4.0 3262
Au 16.0 2.0 6.0 3263
Au 18.0 0.0 6.0 3264
Au 18.0 2.0 4.0 3265
Au 16.0 0.0 8.0 3266
Au 16.0 2.0 10.0 3267
Au 18.0 0.0 10.0 3268
Au 18.0 2.0 8.0 3269
Au 16.0 0.0 12.0 3270
Au 16.0 2.0 14.0 3271
Au 18.0 0.0 14.0 3272
Au 18.0 2.0 12.0 3273
Au 16.0 0.0 16.0 3274
Au 16.0 2.0 18.0 3275
Au 18.0 0.0 18.0 3276
Au 18.0 2.0 16.0 3277
Au 16.0 6.0 -18.0 3278
Au 18.0 4.0 -18.0 3279
Au 16.0 4.0 -16.0 3280
Au 16.0 6.0 -14.0 3281
Au 18.0 4.0 -14.0 3282
Au 18.0 6.0 -16.0 3283
Au 16.0 4.0 -12.0 3284
Au 16.0 6.0 -10.0 3285
Au 18.0 4.0 -10.0 3286
Au 18.0 6.0 -12.0 3287
Au 16.0 4.0 -8.0 3288
Au 16.0 6.0 -6.0 3289
Au 18.0 4.0 -6.0 3290
Au 18.0 6.0 -8.0 3291
Au 16.0 4.0 -4.0 3292
Au 16.0 6.0 -2.0 3293
Au 18.0 4.0 -2.0 3294
Au 18.0 6.0 -4.0 3295
Au 16.0 4.0 0.0 3296
Au 16.0 6.0 2.0 3297
Au 18.0 4.0 2.0 3298
Au 18.0 6.0 0.0 3299
Au 16.0 4.0 4.0 3300
Au 16.0 6.0 6.0 3301
Au 18.0 4.0 6.0 3302
Au 18.0 6.0 4.0 3303
Au 16.0 4.0 8.0 3304
Au 16.0 6.0 10.0 3305
Au 18.0 4.0 10.0 3306
Au 18.0 6.0 8.0 3307
Au 16.0 4.0 12.0 3308
Au 16.0 6.0 14.0 3309
Au 18.0 4.0 14.0 3310
Au 18.0 6.0 12.0 3311
Au 16.0 4.0 16.0 3312
Au 16.0 6.0 18.0 3313
Au 18.0 4.0 18.0 3314
Au 18.0 6.0 16.0 3315
Au 16.0 10.0 -18.0 3316
Au 18.0 8.0 -18.0 3317
Au 16.0 8.0 -16.0 3318
Au 16.0 10.0 -14.0 3319
Au 18.0 8.0 -14.0 3320
Au 18.0 10.0 -16.0 3321
Au 16.0 8.0 -12.0 3322
Au 16.0 10.0 -10.0 3323
Au 18.0 8.0 -10.0 3324
Au 18.0 10.0 -12.0 3325
Au 16.0 8.0 -8.0 3326
Au 16.0 10.0 -6.0 3327
Au 18.0 8.0 -6.0 3328
Au 18.0 10.0 -8.0 3329
Au 16.0 8.0 -4.0 3330
Au 16.0 10.0 -2.0 3331
Au 18.0 8.0 -2.0 3332
Au 18.0 10.0 -4.0 3333
Au 16.0 8.0 0.0 3334
Au 16.0 10.0 2.0 3335
Au 18.0 8.0 2.0 3336
Au 18.0 10.0 0.0 3337
Au 16.0 8.0 4.0 3338
Au 16.0 10.0 6.0 3339
Au 18.0 8.0 6.0 3340
Au 18.0 10.0 4.0 3341
Au 16.0 8.0 8.0 3342
Au 16.0 10.0 10.0 3343
Au 18.0 8.0 10.0 3344
Au 18.0 10.0 8.0 3345
Au 16.0 8.0 12.0 3346
Au 16.0 10.0 14.0 3347
Au 18.0 8.0 14.0 3348
Au 18.0 10.0 12.0 3349
Au 16.0 8.0 16.0 3350
Au 16.0 10.0 18.0 3351
Au 18.0 8.0 18.0 3352
Au 18.0 10.0 16.0 3353
Au 16.0 14.0 -18.0 3354
Au 18.0 12.0 -18.0 3355
Au 16.0 12.0 -16.0 3356
Au 16.0 14.0 -14.0 3357
Au 18.0 12.0 -14.0 3358
Au 18.0 14.0 -16.0 3359
Au 16.0 12.0 -12.0 3360
Au 16.0 14.0 -10.0 3361
Au 18.0 12.0 -10.0 3362
Au 18.0 14.0 -12.0 3363
Au 16.0 12.0 -8.0 3364
Au 16.0 14.0 -6.0 3365
Au 18.0 12.0 -6.0 3366
Au 18.0 14.0 -8.0 3367
Au 16.0 12.0 -4.0 3368
Au 16.0 14.0 -2.0 3369
Au 18.0 12.0 -2.0 3370
Au 18.0 14.0 -4.0 3371
Au 16.0 12.0 0.0 3372
Au 16.0 14.0 2.0 3373
Au 18.0 12.0 2.0 3374
Au 18.0 14.0 0.0 3375
Au 16.0 12.0 4.0 3376
Au 16.0 14.0 6.0 3377
Au 18.0 12.0 6.0 3378
Au 18.0 14.0 4.0 3379
Au 16.0 12.0 8.0 3380
Au 16.0 14.0 10.0 3381
Au 18.0 12.0 10.0 3382
Au 18.0 14.0 8.0 3383
Au 16.0 12.0 12.0 3384
Au 16.0 14.0 14.0 3385
Au 18.0 12.0 14.0 3386
Au 18.0 14.0 12.0 3387
Au 16.0 12.0 16.0 3388
Au 16.0 14.0 18.0 3389
Au 18.0 12.0 18.0 3390
Au 18.0 14.0 16.0 3391
Au 16.0 18.0 -18.0 3392
Au 18.0 16.0 -18.0 3393
Au 16.0 16.0 -16.0 3394
Au 16.0 18.0 -14.0 3395
Au 18.0 16.0 -14.0 3396
Au 18.0 18.0 -16.0 3397
Au 16.0 16.0 -12.0 3398
Au 16.0 18.0 -10.0 3399
Au 18.0 16.0 -10.0 3400
Au 18.0 18.0 -12.0 3401
Au 16.0 16.0 -8.0 3402
Au 16.0 18.0 -6.0 3403
Au 18.0 16.0 -6.0 3404
Au 18.0 18.0 -8.0 3405
Au 16.0 16.0 -4.0 3406
Au 16.0 18.0 -2.0 3407
Au 18.0 16.0 -2.0 3408
Au 18.0 18.0 -4.0 3409
Au 16.0 16.0 0.0 3410
Au 16.0 18.0 2.0 3411
Au 18.0 16.0 2.0 3412
Au 18.0 18.0 0.0 3413
Au 16.0 16.0 4.0 3414
Au 16.0 18.0 6.0 3415
Au 18.0 16.0 6.0 3416
Au 18.0 18.0 4.0 3417
Au 16.0 16.0 8.0 3418
Au 16.0 18.0 10.0 3419
Au 18.0 16.0 10.0 3420
Au 18.0 18.0 8.0 3421
Au 16.0 16.0 12.0 3422
Au 16.0 18.0 14.0 3423
Au 18.0 16.0 14.0 3424
Au 18.0 18.0 12.0 3425
Au 16.0 16.0 16.0 3426
Au 16.0 18.0 18.0 3427
Au 18.0 16.0 18.0 3428
Au 18.0 18.0 16.0 3429
